#ID	Avg_fold	Length	Ref_GC	Covered_percent	Covered_bases	Plus_reads	Minus_reads	Read_GC	Median_fold	Std_Dev
contig_931_pilon_pilon_1	16.9373	7305	0.0000	100.0000	7305	33	35	0.6334	17	2.56
contig_183_pilon_pilon_1	59.9105	907426	0.0000	100.0000	907426	8951	9656	0.6439	47	65.63
contig_92_pilon_pilon_1	51.6797	1961317	0.0000	100.0000	1961317	17806	18920	0.6559	46	29.12
contig_563_pilon_pilon_1	1.9973	5461	0.0000	96.6307	5277	11	10	0.6726	2	1.15
contig_734_pilon_pilon_1	25.7051	13162	0.0000	100.0000	13162	91	78	0.6136	23	11.66
contig_679_pilon_pilon_1	10.2964	7557	0.0000	100.0000	7557	32	24	0.6218	12	5.33
contig_409_pilon_pilon_1	0.8214	543	0.0000	82.1363	446	1	0	0.6414	1	0.38
contig_898_pilon_pilon_1	23.7243	4914	0.0000	100.0000	4914	48	51	0.6354	23	13.81
contig_865_pilon_pilon_1	48.8867	17046	0.0000	100.0000	17046	178	174	0.6436	45	10.29
contig_708_pilon_pilon_1	33.7406	9527	0.0000	100.0000	9527	100	97	0.6383	34	16.32
contig_315_pilon_pilon_1	6.3660	7579	0.0000	100.0000	7579	12	7	0.6624	6	1.38
contig_330_pilon_pilon_1	14.8934	15314	0.0000	98.7201	15118	123	93	0.6827	15	10.85
contig_863_pilon_pilon_1	20.5205	6561	0.0000	100.0000	6561	38	35	0.6644	20	3.70
contig_194_pilon_pilon_1	5.5402	2684	0.0000	99.4784	2670	5	16	0.6536	6	2.48
contig_568_pilon_pilon_1	3.0270	3262	0.0000	100.0000	3262	7	3	0.6621	2	1.99
contig_834_pilon_pilon_1	14.9759	2570	0.0000	98.8327	2540	27	30	0.6276	11	7.92
contig_710_pilon_pilon_1	7.4388	2183	0.0000	100.0000	2183	14	13	0.6428	8	1.51
contig_775_pilon_pilon_1	6.2762	4059	0.0000	100.0000	4059	17	12	0.5444	7	3.93
contig_732_pilon_pilon_1	10.2378	5253	0.0000	100.0000	5253	26	26	0.7271	9	3.94
contig_593_pilon_pilon_1	8.7762	4200	0.0000	99.8333	4193	22	20	0.5323	8	3.36
contig_569_pilon_pilon_1	18.0039	12123	0.0000	99.8268	12102	75	52	0.6752	17	5.75
contig_11_pilon_pilon_1	64.1026	1244456	0.0000	100.0000	1244456	14931	14937	0.6508	50	72.83
contig_176_pilon_pilon_1	6.5911	3409	0.0000	100.0000	3409	11	12	0.6225	6	3.21
contig_316_pilon_pilon_1	3.5239	2323	0.0000	100.0000	2323	4	11	0.6888	3	1.96
contig_477_pilon_pilon_1	39.9850	8212	0.0000	100.0000	8212	122	127	0.6485	46	19.93
contig_746_pilon_pilon_1	5.9169	1625	0.0000	97.9077	1591	5	16	0.5795	3	5.28
contig_235_pilon_pilon_1	10.0666	5927	0.0000	100.0000	5927	27	38	0.4407	9	4.25
contig_907_pilon_pilon_1	7.2650	1947	0.0000	100.0000	1947	10	15	0.6171	8	2.13
contig_187_pilon_pilon_1	6.0638	8117	0.0000	100.0000	8117	39	35	0.6244	4	5.01
contig_49_pilon_pilon_1	48.6308	1482945	0.0000	100.0000	1482945	12444	12730	0.6426	46	15.13
contig_526_pilon_pilon_1	11.2304	7496	0.0000	99.7332	7476	48	63	0.6529	8	8.47
contig_267_pilon_pilon_1	13.4196	5710	0.0000	100.0000	5710	48	33	0.6202	12	5.57
contig_941_pilon_pilon_1	9.3637	4759	0.0000	96.8481	4609	41	24	0.5762	7	6.93
contig_954_pilon_pilon_1	117.1797	10864	0.0000	100.0000	10864	282	295	0.6733	117	14.00
contig_107_pilon_pilon_1	53.6977	821707	0.0000	100.0000	821707	7878	7812	0.6471	48	22.83
contig_533_pilon_pilon_1	7.9372	20243	0.0000	100.0000	20243	79	56	0.6651	6	5.79
contig_870_pilon_pilon_1	4.5175	14941	0.0000	93.6015	13985	36	42	0.5921	5	2.77
contig_738_pilon_pilon_1	6.3264	3631	0.0000	100.0000	3631	14	15	0.6906	7	1.77
contig_487_pilon_pilon_1	4.9562	7120	0.0000	99.9579	7117	27	38	0.6563	3	6.99
contig_178_pilon_pilon_1	49.6447	236682	0.0000	100.0000	236682	1935	1917	0.6570	47	11.88
contig_421_pilon_pilon_1	1.8278	6398	0.0000	93.7480	5998	7	14	0.6521	1	1.59
contig_483_pilon_pilon_1	21.1309	9333	0.0000	99.3785	9275	65	85	0.6428	13	20.11
contig_479_pilon_pilon_1	5.1350	2422	0.0000	99.9174	2420	12	19	0.6426	4	2.76
contig_182_pilon_pilon_1	3.9716	2074	0.0000	99.3732	2061	5	12	0.6214	2	3.35
contig_344_pilon_pilon_1	13.4051	4623	0.0000	99.4809	4599	50	46	0.6251	10	12.12
contig_42_pilon_pilon_1	49.4268	3015506	0.0000	100.0000	3015506	25410	25562	0.6513	46	17.14
contig_551_pilon_pilon_1	6.7502	5848	0.0000	100.0000	5848	15	20	0.5985	7	2.27
contig_191_pilon_pilon_1	97.0895	10777	0.0000	100.0000	10777	256	289	0.6408	110	34.57
contig_36_pilon_pilon_1	49.6027	7330895	0.0000	100.0000	7330895	60024	60430	0.6520	46	17.62
contig_404_pilon_pilon_1	23.0926	5464	0.0000	100.0000	5464	74	77	0.6686	26	18.51
contig_946_pilon_pilon_1	43.2163	67369	0.0000	100.0000	67369	610	564	0.6509	40	13.25
contig_422_pilon_pilon_1	17.3625	6678	0.0000	100.0000	6678	60	49	0.6090	15	10.39
contig_111_pilon_pilon_1	55.9337	2263275	0.0000	100.0000	2263275	22087	22621	0.6505	46	60.18
contig_67_pilon_pilon_1	51.7401	989904	0.0000	100.0000	989904	9436	9211	0.6549	46	22.91
contig_682_pilon_pilon_1	9.1993	4289	0.0000	99.7902	4280	20	16	0.6472	10	3.37
contig_663_pilon_pilon_1	14.5059	2366	0.0000	100.0000	2366	22	31	0.6496	16	5.97
contig_77_pilon_pilon_1	50.8537	3369442	0.0000	100.0000	3369442	29502	29726	0.6510	47	20.88
contig_622_pilon_pilon_1	2.9767	2402	0.0000	100.0000	2402	9	4	0.5729	2	1.50
contig_939_pilon_pilon_1	2.8881	1698	0.0000	86.2191	1464	6	2	0.7066	3	1.76
contig_485_pilon_pilon_1	12.3164	15791	0.0000	99.5884	15726	53	101	0.8026	12	6.70
contig_61_pilon_pilon_1	53.1277	476480	0.0000	100.0000	476480	4565	4711	0.6462	50	18.58
contig_88_pilon_pilon_1	51.1773	1157525	0.0000	100.0000	1157525	10296	9747	0.6494	48	15.89
contig_492_pilon_pilon_1	24.6488	2221	0.0000	100.0000	2221	31	25	0.5302	22	5.38
contig_33_pilon_pilon_1	48.5205	5363505	0.0000	100.0000	5363505	41992	41975	0.6522	46	15.32
contig_44_pilon_pilon_1	48.3640	3389747	0.0000	100.0000	3389747	28817	28728	0.6484	46	17.77
contig_243_pilon_pilon_1	136.4737	24133	0.0000	100.0000	24133	582	842	0.7563	150	62.61
contig_600_pilon_pilon_1	13.8802	6260	0.0000	100.0000	6260	26	38	0.6527	14	4.39
contig_651_pilon_pilon_1	8.5942	4189	0.0000	100.0000	4189	7	14	0.6329	9	2.68
contig_794_pilon_pilon_1	8.2931	6666	0.0000	96.5647	6437	29	29	0.6373	8	4.92
contig_815_pilon_pilon_1	8.5971	5587	0.0000	100.0000	5587	34	38	0.6070	7	4.50
contig_504_pilon_pilon_1	9.7407	2414	0.0000	94.9047	2291	19	19	0.6532	9	5.88
contig_658_pilon_pilon_1	7.3010	2475	0.0000	99.6768	2467	18	19	0.3589	5	6.07
contig_859_pilon_pilon_1	13.0704	10517	0.0000	99.8003	10496	154	104	0.6093	9	13.60
contig_735_pilon_pilon_1	8.5210	13335	0.0000	100.0000	13335	44	53	0.6149	8	4.89
contig_507_pilon_pilon_1	4.1126	2620	0.0000	99.8855	2617	15	2	0.6889	4	1.55
contig_116_pilon_pilon_1	10.8786	2307	0.0000	98.1795	2265	21	26	0.6363	13	7.74
contig_862_pilon_pilon_1	6.0314	5986	0.0000	98.6803	5907	17	22	0.5574	5	3.79
contig_841_pilon_pilon_1	6.9959	23946	0.0000	100.0000	23946	37	36	0.6639	7	3.99
contig_72_pilon_pilon_1	50.8824	3823155	0.0000	100.0000	3823155	32989	33558	0.6505	46	32.36
contig_413_pilon_pilon_1	25.9673	8756	0.0000	100.0000	8756	84	65	0.6185	28	10.87
contig_602_pilon_pilon_1	72.2839	7976	0.0000	100.0000	7976	151	122	0.6133	66	21.51
contig_68_pilon_pilon_1	51.5575	1210671	0.0000	100.0000	1210671	11831	11969	0.6542	46	22.75
contig_621_pilon_pilon_1	21.7045	7005	0.0000	100.0000	7005	81	78	0.6661	19	15.31
contig_778_pilon_pilon_1	26.7505	7771	0.0000	100.0000	7771	71	70	0.6564	27	4.83
contig_53_pilon_pilon_1	50.3224	2098855	0.0000	100.0000	2098855	18792	18752	0.6532	46	24.55
contig_74_pilon_pilon_1	53.2235	1601890	0.0000	100.0000	1601890	14507	14994	0.6533	47	28.30
contig_205_pilon_pilon_1	67.1914	30465	0.0000	100.0000	30465	337	334	0.6534	75	19.83
contig_337_pilon_pilon_1	95.8269	6760	0.0000	98.8314	6681	2487	2594	0.5202	9	519.46
contig_435_pilon_pilon_1	68.2624	54992	0.0000	100.0000	54992	739	717	0.6492	53	38.91
contig_629_pilon_pilon_1	12.7760	1290	0.0000	100.0000	1290	12	18	0.6663	14	5.09
contig_695_pilon_pilon_1	17.9708	7576	0.0000	100.0000	7576	49	46	0.6394	17	4.37
contig_903_pilon_pilon_1	7.5697	3837	0.0000	97.4720	3740	23	24	0.6669	7	3.48
contig_45_pilon_pilon_1	52.2048	3442869	0.0000	100.0000	3442869	29690	29488	0.6554	47	26.62
contig_265_pilon_pilon_1	50.5859	319265	0.0000	100.0000	319265	2838	2596	0.6531	48	17.78
contig_827_pilon_pilon_1	11.8868	8173	0.0000	99.5106	8133	36	61	0.6630	8	10.77
contig_867_pilon_pilon_1	11.8902	3961	0.0000	100.0000	3961	21	19	0.6016	13	3.09
contig_56_pilon_pilon_1	55.3436	914563	0.0000	100.0000	914563	9940	9790	0.6616	46	35.78
contig_836_pilon_pilon_1	2.4555	2878	0.0000	86.4489	2488	9	5	0.6911	3	1.71
contig_543_pilon_pilon_1	6.2606	2552	0.0000	99.7257	2545	13	15	0.6780	5	4.17
contig_192_pilon_pilon_1	17.4944	5957	0.0000	100.0000	5957	55	64	0.6957	20	7.73
contig_801_pilon_pilon_1	24.8018	10418	0.0000	100.0000	10418	88	91	0.6213	22	7.21
contig_552_pilon_pilon_1	3.1722	2741	0.0000	97.3003	2667	10	7	0.6736	3	1.89
contig_38_pilon_pilon_1	50.9088	6531752	0.0000	100.0000	6531752	53292	56218	0.6514	46	42.76
contig_955_pilon_pilon_1	8.9722	6252	0.0000	99.9360	6248	15	19	0.6681	9	3.04
contig_672_pilon_pilon_1	2.9994	1814	0.0000	100.0000	1814	7	2	0.5712	2	2.13
contig_929_pilon_pilon_1	5.2432	1661	0.0000	99.8194	1658	6	9	0.7043	5	2.67
contig_765_pilon_pilon_1	20.5916	9409	0.0000	100.0000	9409	86	73	0.6164	18	7.96
contig_540_pilon_pilon_1	11.6967	5872	0.0000	99.1655	5823	34	30	0.6716	12	5.69
contig_715_pilon_pilon_1	11.4106	9557	0.0000	100.0000	9557	32	30	0.6609	11	3.62
contig_308_pilon_pilon_1	1159.3791	4658	0.0000	100.0000	4658	1345	1370	0.4584	1229	171.27
contig_506_pilon_pilon_1	4.4102	3530	0.0000	100.0000	3530	1	5	0.6782	5	0.80
contig_417_pilon_pilon_1	2.1686	1631	0.0000	96.5665	1575	7	4	0.5792	2	1.12
contig_70_pilon_pilon_1	82.0292	274185	0.0000	100.0000	274185	3506	3417	0.6521	86	17.03
contig_87_pilon_pilon_1	52.8326	2798154	0.0000	100.0000	2798154	25818	25033	0.6443	47	33.56
contig_776_pilon_pilon_1	31.5046	12524	0.0000	100.0000	12524	110	116	0.6609	31	6.63
contig_264_pilon_pilon_1	4.7376	1715	0.0000	99.9417	1714	7	10	0.5973	2	3.73
contig_347_pilon_pilon_1	5.5111	3062	0.0000	99.6081	3050	10	10	0.6734	6	2.31
contig_576_pilon_pilon_1	21.9875	3118	0.0000	100.0000	3118	23	26	0.6389	23	4.58
contig_429_pilon_pilon_1	35.9590	39213	0.0000	100.0000	39213	285	317	0.6561	41	20.65
contig_671_pilon_pilon_1	4.1455	2014	0.0000	97.3188	1960	12	8	0.6672	3	2.66
contig_623_pilon_pilon_1	2.8886	3357	0.0000	100.0000	3357	9	13	0.5606	2	2.91
contig_624_pilon_pilon_1	3.1480	6029	0.0000	98.6731	5949	28	14	0.6190	2	2.26
contig_52_pilon_pilon_1	53.9119	5217915	0.0000	100.0000	5217915	47332	47276	0.6550	47	66.73
contig_598_pilon_pilon_1	32.8594	12892	0.0000	100.0000	12892	93	100	0.6385	34	6.30
contig_185_pilon_pilon_1	52.8156	552314	0.0000	100.0000	552314	4931	5395	0.6504	49	24.43
contig_3_pilon_pilon_1	56.7052	946161	0.0000	100.0000	946161	9601	10134	0.6542	47	48.24
contig_559_pilon_pilon_1	9.3174	1761	0.0000	100.0000	1761	7	14	0.6732	10	2.84
contig_202_pilon_pilon_1	19.0386	15705	0.0000	100.0000	15705	53	80	0.6510	17	7.17
contig_585_pilon_pilon_1	12.6527	1382	0.0000	100.0000	1382	12	15	0.6192	13	1.97
contig_891_pilon_pilon_1	30.1993	4831	0.0000	100.0000	4831	38	51	0.6340	29	4.15
contig_521_pilon_pilon_1	10.5754	8049	0.0000	99.9503	8045	35	26	0.6082	11	4.16
contig_73_pilon_pilon_1	49.8854	742155	0.0000	100.0000	742155	6526	6529	0.6547	46	20.97
contig_158_pilon_pilon_1	6.0427	1897	0.0000	95.6247	1814	10	13	0.6761	7	3.44
contig_731_pilon_pilon_1	5.4284	2299	0.0000	94.6498	2176	12	13	0.6595	5	3.71
contig_922_pilon_pilon_1	10.9317	6922	0.0000	100.0000	6922	37	28	0.6221	11	5.62
contig_581_pilon_pilon_1	11.6083	3092	0.0000	100.0000	3092	17	21	0.6323	13	4.37
contig_807_pilon_pilon_1	7.9748	9564	0.0000	100.0000	9564	30	36	0.6234	7	4.18
contig_960_pilon_pilon_1	5.6758	1539	0.0000	94.9968	1462	7	9	0.6009	6	2.89
contig_676_pilon_pilon_1	16.4548	6178	0.0000	100.0000	6178	47	43	0.6126	15	8.01
contig_9_pilon_pilon_1	65.3413	1209437	0.0000	100.0000	1209437	16316	14104	0.6460	46	104.65
contig_691_pilon_pilon_1	23.4824	2411	0.0000	100.0000	2411	35	21	0.6688	23	3.96
contig_420_pilon_pilon_1	37.0595	8253	0.0000	100.0000	8253	108	109	0.6369	35	12.10
contig_945_pilon_pilon_1	124.9977	5646	0.0000	100.0000	5646	125	178	0.6893	159	74.79
contig_698_pilon_pilon_1	7.8681	7455	0.0000	100.0000	7455	41	26	0.6243	6	4.59
contig_539_pilon_pilon_1	18.0517	5340	0.0000	99.5693	5317	35	46	0.6531	16	8.25
contig_596_pilon_pilon_1	69.0791	31557	0.0000	100.0000	31557	346	347	0.6544	71	12.76
contig_858_pilon_pilon_1	9.8997	7699	0.0000	97.7400	7525	34	42	0.6361	9	4.61
contig_512_pilon_pilon_1	15.5823	13418	0.0000	99.9031	13405	91	79	0.6402	11	12.72
contig_707_pilon_pilon_1	4.6879	4742	0.0000	99.0932	4699	9	17	0.6297	4	2.51
contig_46_pilon_pilon_1	59.5078	1297837	0.0000	99.9999	1297836	14909	15040	0.6458	50	41.44
contig_737_pilon_pilon_1	2.4145	8255	0.0000	97.1896	8023	4	13	0.6465	2	1.39
contig_697_pilon_pilon_1	8.1105	3792	0.0000	100.0000	3792	22	26	0.6710	6	5.62
contig_90_pilon_pilon_1	57.7043	1774189	0.0000	100.0000	1774189	18722	18714	0.6518	48	45.80
contig_414_pilon_pilon_1	19.9336	2621	0.0000	100.0000	2621	39	25	0.6465	19	9.49
contig_168_pilon_pilon_1	3.3751	2994	0.0000	94.0214	2815	7	8	0.6651	3	2.33
contig_225_pilon_pilon_1	31.3702	8630	0.0000	100.0000	8630	79	97	0.6611	26	16.83
contig_743_pilon_pilon_1	11.2395	9560	0.0000	100.0000	9560	44	32	0.6316	10	6.94
contig_913_pilon_pilon_1	43.1702	9692	0.0000	100.0000	9692	114	94	0.6347	44	9.78
contig_745_pilon_pilon_1	8.2124	5061	0.0000	100.0000	5061	15	22	0.6463	7	3.56
contig_416_pilon_pilon_1	4.9683	11854	0.0000	99.0299	11739	28	36	0.6619	4	3.71
contig_199_pilon_pilon_1	16.3588	6290	0.0000	99.8251	6279	55	57	0.5333	17	7.94
contig_886_pilon_pilon_1	2.7486	4280	0.0000	100.0000	4280	10	20	0.6492	2	2.50
contig_702_pilon_pilon_1	14.2631	4884	0.0000	100.0000	4884	21	30	0.6616	15	3.94
contig_816_pilon_pilon_1	7.9793	4056	0.0000	98.7179	4004	15	21	0.5958	8	3.60
contig_545_pilon_pilon_1	45.2750	11178	0.0000	100.0000	11178	86	89	0.6505	47	9.84
contig_236_pilon_pilon_1	8.2717	21600	0.0000	100.0000	21600	81	57	0.6424	7	3.92
contig_614_pilon_pilon_1	2.9054	2261	0.0000	93.8965	2123	11	1	0.6058	3	1.71
contig_345_pilon_pilon_1	14.4954	5702	0.0000	100.0000	5702	39	41	0.5961	13	4.76
contig_840_pilon_pilon_1	8.6166	11016	0.0000	100.0000	11016	31	20	0.6776	8	2.59
contig_60_pilon_pilon_1	52.9627	7853977	0.0000	100.0000	7853977	69274	65554	0.6518	47	48.59
contig_357_pilon_pilon_1	8.2044	6487	0.0000	100.0000	6487	22	12	0.6638	8	2.49
contig_736_pilon_pilon_1	16.6496	4832	0.0000	100.0000	4832	23	27	0.6495	19	6.71
contig_722_pilon_pilon_1	15.3325	7161	0.0000	100.0000	7161	58	66	0.5160	11	9.67
contig_490_pilon_pilon_1	9.9034	4326	0.0000	100.0000	4326	21	23	0.4959	11	4.37
contig_94_pilon_pilon_1	71.8813	1356154	0.0000	100.0000	1356154	15211	15605	0.6589	47	157.31
contig_91_pilon_pilon_1	51.7829	1817384	0.0000	100.0000	1817384	15708	15945	0.6605	46	24.64
contig_880_pilon_pilon_1	32.3021	10299	0.0000	100.0000	10299	89	81	0.6110	32	10.33
contig_54_pilon_pilon_1	48.3363	358815	0.0000	100.0000	358815	2953	3069	0.6498	47	14.72
contig_443_pilon_pilon_1	11.2501	2183	0.0000	99.0838	2163	17	16	0.6349	10	7.12
contig_59_pilon_pilon_1	49.6934	2714005	0.0000	100.0000	2714005	22579	24613	0.6597	46	27.94
contig_567_pilon_pilon_1	6.7887	4164	0.0000	100.0000	4164	12	16	0.6663	4	4.55
contig_93_pilon_pilon_1	50.8294	527915	0.0000	100.0000	527915	4687	4485	0.6512	46	22.19
contig_843_pilon_pilon_1	32.8162	3836	0.0000	100.0000	3836	45	57	0.6024	26	14.95
contig_314_pilon_pilon_1	1.1875	2550	0.0000	99.0196	2525	2	3	0.6688	1	0.42
contig_554_pilon_pilon_1	8.2987	5118	0.0000	100.0000	5118	24	14	0.7484	5	5.65
contig_686_pilon_pilon_1	15.6516	2038	0.0000	100.0000	2038	22	18	0.7075	16	3.01
contig_66_pilon_pilon_1	48.9919	1296909	0.0000	100.0000	1296909	11534	11625	0.6481	46	14.35
contig_733_pilon_pilon_1	35.1287	8614	0.0000	100.0000	8614	92	82	0.6712	40	10.48
contig_723_pilon_pilon_1	3.6570	12042	0.0000	98.2395	11830	19	28	0.6308	3	1.72
contig_57_pilon_pilon_1	55.8451	3445941	0.0000	100.0000	3445941	31084	31142	0.6534	47	83.23
contig_882_pilon_pilon_1	26.7561	4829	0.0000	100.0000	4829	63	46	0.6511	24	13.09
contig_789_pilon_pilon_1	28.9300	5331	0.0000	97.9741	5223	66	64	0.7069	26	19.31
contig_103_pilon_pilon_1	45.1005	1607036	0.0000	99.9997	1607031	12332	12234	0.6601	43	22.63
contig_64_pilon_pilon_1	49.5754	2412362	0.0000	99.9998	2412358	21655	21929	0.6486	45	18.84
contig_439_pilon_pilon_1	21.5367	6231	0.0000	100.0000	6231	57	65	0.6064	26	9.67
contig_520_pilon_pilon_1	1.4861	4055	0.0000	68.0641	2760	5	4	0.6200	1	1.37
contig_390_pilon_pilon_1	1.8403	1465	0.0000	45.5290	667	3	6	0.6147	0	2.76
contig_560_pilon_pilon_1	11.0974	3357	0.0000	98.2127	3297	18	29	0.6085	12	5.88
contig_41_pilon_pilon_1	46.0528	1420446	0.0000	100.0000	1420446	11138	10867	0.6522	44	13.73
contig_933_pilon_pilon_1	14.1770	6435	0.0000	100.0000	6435	43	45	0.6017	13	4.83
contig_626_pilon_pilon_1	6.5012	14891	0.0000	100.0000	14891	44	51	0.6694	6	4.60
contig_869_pilon_pilon_1	38.0930	25741	0.0000	100.0000	25741	166	194	0.6316	40	9.31
contig_889_pilon_pilon_1	6.5537	4430	0.0000	99.8194	4422	16	11	0.6818	7	1.88
contig_51_pilon_pilon_1	51.4205	2620798	0.0000	100.0000	2620798	22239	22332	0.6537	48	19.41
contig_620_pilon_pilon_1	2.7397	1598	0.0000	100.0000	1598	4	5	0.6306	3	1.18
contig_312_pilon_pilon_1	3.0204	3526	0.0000	95.8310	3379	7	10	0.6011	3	1.90
contig_372_pilon_pilon_1	3.9118	32554	0.0000	99.9816	32548	46	55	0.6602	3	4.11
contig_184_pilon_pilon_1	46.2767	204372	0.0000	100.0000	204372	1665	1666	0.6382	47	11.81
contig_647_pilon_pilon_1	18.2653	8941	0.0000	100.0000	8941	93	114	0.6786	11	14.69
contig_561_pilon_pilon_1	45.5180	13822	0.0000	100.0000	13822	101	127	0.6519	45	11.27
contig_573_pilon_pilon_1	2.9954	4111	0.0000	93.7242	3853	6	5	0.6553	2	2.47
contig_752_pilon_pilon_1	11.0147	10101	0.0000	100.0000	10101	62	49	0.6174	9	7.59
contig_499_pilon_pilon_1	23.3255	10404	0.0000	100.0000	10404	80	108	0.6217	19	12.01
contig_854_pilon_pilon_1	12.2890	12621	0.0000	100.0000	12621	47	49	0.7287	12	7.39
contig_37_pilon_pilon_1	49.1201	2788392	0.0000	100.0000	2788392	23181	25030	0.6515	45	26.05
contig_564_pilon_pilon_1	22.9954	5222	0.0000	100.0000	5222	42	56	0.6192	22	5.37
contig_201_pilon_pilon_1	7.8399	19940	0.0000	100.0000	19940	59	59	0.6483	5	7.11
contig_619_pilon_pilon_1	39.9265	17426	0.0000	100.0000	17426	199	178	0.6198	35	13.17
contig_167_pilon_pilon_1	7.5572	4824	0.0000	99.8549	4817	25	14	0.5987	6	3.37
contig_484_pilon_pilon_1	12.5723	12281	0.0000	100.0000	12281	60	54	0.6234	9	8.97
contig_833_pilon_pilon_1	3.7157	14814	0.0000	96.2198	14254	44	34	0.6427	3	3.58
contig_925_pilon_pilon_1	9.2938	4490	0.0000	89.0423	3998	26	21	0.7115	10	5.69
contig_266_pilon_pilon_1	13.0335	6141	0.0000	99.8860	6134	45	39	0.6179	13	5.32
contig_190_pilon_pilon_1	56.0882	254250	0.0000	100.0000	254250	2202	2188	0.6607	52	18.55
contig_768_pilon_pilon_1	4.2694	3990	0.0000	100.0000	3990	9	17	0.6846	4	1.50
contig_364_pilon_pilon_1	5.3108	2201	0.0000	100.0000	2201	13	7	0.6808	5	2.21
contig_594_pilon_pilon_1	24.1565	4230	0.0000	100.0000	4230	33	45	0.6643	24	4.48
contig_872_pilon_pilon_1	2.4623	2585	0.0000	92.4178	2389	8	3	0.6649	2	1.49
contig_495_pilon_pilon_1	24.7062	11466	0.0000	100.0000	11466	108	95	0.6254	25	7.40
contig_50_pilon_pilon_1	49.7101	2566482	0.0000	100.0000	2566482	20984	21166	0.6516	45	20.81
contig_792_pilon_pilon_1	24.4288	8176	0.0000	100.0000	8176	62	70	0.5965	22	10.55
contig_505_pilon_pilon_1	77.1858	4150	0.0000	100.0000	4150	68	123	0.6237	80	11.56
contig_48_pilon_pilon_1	53.8488	1247932	0.0000	100.0000	1247932	12773	12780	0.6447	47	27.91
contig_481_pilon_pilon_1	5.0534	14727	0.0000	99.9728	14723	12	13	0.6530	4	1.88
contig_683_pilon_pilon_1	20.4916	3208	0.0000	98.8155	3170	49	32	0.7565	26	12.15
contig_877_pilon_pilon_1	5.8134	2620	0.0000	100.0000	2620	11	7	0.5648	6	2.42
contig_570_pilon_pilon_1	17.5078	11355	0.0000	100.0000	11355	62	45	0.6531	18	8.65
contig_486_pilon_pilon_1	18.4059	25186	0.0000	100.0000	25186	84	122	0.7237	17	6.93
contig_86_pilon_pilon_1	53.2374	2811528	0.0000	100.0000	2811528	25345	25186	0.6541	46	36.84
contig_216_pilon_pilon_1	59.7630	71837	0.0000	100.0000	71837	811	933	0.6583	53	22.47
contig_358_pilon_pilon_1	45.8276	230937	0.0000	100.0000	230937	1677	1663	0.6560	45	7.88
contig_558_pilon_pilon_1	7.6604	4214	0.0000	100.0000	4214	23	21	0.5644	8	2.87
contig_32_pilon_pilon_1	56.2666	5025700	0.0000	100.0000	5025700	49315	46343	0.6575	47	76.35
contig_196_pilon_pilon_1	1.7619	7552	0.0000	97.7092	7379	13	10	0.6635	1	1.14
contig_488_pilon_pilon_1	5.3245	4323	0.0000	100.0000	4323	27	16	0.6265	3	4.66
contig_749_pilon_pilon_1	34.2526	14839	0.0000	100.0000	14839	118	133	0.6705	29	18.36
contig_893_pilon_pilon_1	32.6338	2668	0.0000	100.0000	2668	42	45	0.6497	33	7.92
contig_751_pilon_pilon_1	12.0218	3028	0.0000	99.9009	3025	20	21	0.6429	13	4.16
contig_47_pilon_pilon_1	51.3085	5280850	0.0000	100.0000	5280850	45421	45558	0.6497	47	25.86
contig_35_pilon_pilon_1	65.9026	6198390	0.0000	100.0000	6198390	68095	68095	0.6299	46	643.21
contig_473_pilon_pilon_1	3.4781	1303	0.0000	90.0230	1173	6	4	0.7270	4	2.13
contig_709_pilon_pilon_1	8.5269	7499	0.0000	100.0000	7499	24	32	0.7172	8	2.39
contig_599_pilon_pilon_1	41.2590	10428	0.0000	100.0000	10428	111	132	0.6477	42	12.24
contig_878_pilon_pilon_1	23.9854	9410	0.0000	100.0000	9410	83	70	0.6278	24	6.22
contig_494_pilon_pilon_1	22.5523	7119	0.0000	100.0000	7119	66	52	0.5693	24	6.53
contig_838_pilon_pilon_1	30.1057	6818	0.0000	100.0000	6818	53	52	0.6110	30	4.18
contig_215_pilon_pilon_1	2.4845	2070	0.0000	96.1836	1991	8	9	0.6055	2	1.22
contig_790_pilon_pilon_1	2.9461	3747	0.0000	78.2760	2933	8	2	0.6085	3	1.90
contig_13_pilon_pilon_1	50.4692	5583269	0.0000	100.0000	5583269	47654	47634	0.6479	46	23.06
contig_785_pilon_pilon_1	7.9828	4605	0.0000	99.9349	4602	17	15	0.6114	8	3.47
contig_879_pilon_pilon_1	9.8876	9725	0.0000	99.2082	9648	49	79	0.6702	10	4.13
contig_43_pilon_pilon_1	54.3599	818056	0.0000	100.0000	818056	8556	8603	0.6464	48	25.33
contig_868_pilon_pilon_1	8.0958	5749	0.0000	100.0000	5749	41	41	0.6093	4	10.92
contig_519_pilon_pilon_1	36.2715	32952	0.0000	100.0000	32952	299	270	0.6617	35	8.46
contig_948_pilon_pilon_1	15.1023	2912	0.0000	100.0000	2912	23	25	0.6317	16	3.53
contig_489_pilon_pilon_1	3.0682	5086	0.0000	100.0000	5086	2	14	0.6750	3	1.41
contig_616_pilon_pilon_1	9.3839	4509	0.0000	100.0000	4509	24	23	0.5889	9	2.85
contig_110_pilon_pilon_1	51.3336	856540	0.0000	100.0000	856540	7191	7076	0.6555	49	19.02
contig_193_pilon_pilon_1	44.4860	157821	0.0000	100.0000	157821	1343	1315	0.6501	41	15.45
contig_62_pilon_pilon_1	54.4327	1508419	0.0000	100.0000	1508419	14458	13972	0.6523	47	32.95
contig_63_pilon_pilon_1	52.2018	1261525	0.0000	100.0000	1261525	11100	13681	0.6562	46	62.91
contig_557_pilon_pilon_1	49.0044	5507	0.0000	100.0000	5507	67	59	0.5950	50	4.41
contig_920_pilon_pilon_1	47.0813	9881	0.0000	100.0000	9881	106	111	0.6617	45	8.84
contig_876_pilon_pilon_1	4.4976	2456	0.0000	97.3941	2392	8	10	0.5693	4	2.53
contig_476_pilon_pilon_1	6.3671	2484	0.0000	88.8486	2207	21	15	0.4426	3	6.84
contig_274_pilon_pilon_1	12.6025	4387	0.0000	100.0000	4387	22	28	0.6788	13	2.93
contig_591_pilon_pilon_1	6.0339	2152	0.0000	94.9814	2044	15	14	0.6028	5	4.77
contig_249_pilon_pilon_1	5.4779	14994	0.0000	100.0000	14994	46	50	0.6008	3	5.59
contig_587_pilon_pilon_1	29.7204	4470	0.0000	100.0000	4470	67	57	0.6244	30	10.38
contig_612_pilon_pilon_1	5.6103	7835	0.0000	100.0000	7835	28	37	0.6196	5	2.77
contig_597_pilon_pilon_1	12.9989	8178	0.0000	100.0000	8178	47	35	0.6737	13	5.67
contig_832_pilon_pilon_1	30.8589	10213	0.0000	100.0000	10213	70	58	0.6525	35	10.27
contig_273_pilon_pilon_1	97.3015	14530	0.0000	100.0000	14530	150	184	0.7218	95	29.02
contig_523_pilon_pilon_1	5.3837	3451	0.0000	99.7102	3441	10	10	0.6820	6	2.23
contig_887_pilon_pilon_1	11.2377	5368	0.0000	100.0000	5368	34	30	0.6092	8	7.58
contig_346_pilon_pilon_1	6.5035	8473	0.0000	100.0000	8473	31	29	0.6390	5	4.38
contig_40_pilon_pilon_1	58.0185	2296620	0.0000	100.0000	2296620	23273	23791	0.6524	48	44.64
contig_480_pilon_pilon_1	15.0245	4735	0.0000	97.8036	4631	40	44	0.7042	16	8.00
contig_76_pilon_pilon_1	150.2365	1017851	0.0000	100.0000	1017851	25557	25347	0.5380	48	1578.59
contig_248_pilon_pilon_1	4.6842	2733	0.0000	99.9268	2731	11	7	0.5825	5	1.26
contig_75_pilon_pilon_1	50.8808	1597720	0.0000	100.0000	1597720	14342	14622	0.6490	46	26.74
contig_179_pilon_pilon_1	5.5900	2917	0.0000	96.3318	2810	19	14	0.6636	4	5.28
contig_514_pilon_pilon_1	24.2560	6769	0.0000	100.0000	6769	58	63	0.6000	22	8.55
contig_881_pilon_pilon_1	8.1338	2026	0.0000	99.4571	2015	15	16	0.5982	5	6.10
contig_918_pilon_pilon_1	7.4627	4528	0.0000	96.7756	4382	17	19	0.6645	6	4.24
contig_693_pilon_pilon_1	21.4902	4147	0.0000	95.6113	3965	39	36	0.6321	18	13.93
contig_630_pilon_pilon_1	2.2660	6937	0.0000	98.9909	6867	8	8	0.6428	2	0.89
contig_772_pilon_pilon_1	3.7661	5905	0.0000	97.8154	5776	19	25	0.6008	3	2.36
contig_491_pilon_pilon_1	22.5400	5843	0.0000	100.0000	5843	68	64	0.5535	23	11.59
contig_574_pilon_pilon_1	15.9519	6283	0.0000	100.0000	6283	34	46	0.6442	17	5.64
contig_113_pilon_pilon_1	49.4272	1516629	0.0000	100.0000	1516629	12471	12504	0.6540	46	19.90
contig_771_pilon_pilon_1	1.7289	1726	0.0000	100.0000	1726	0	7	0.6113	2	0.74
contig_674_pilon_pilon_1	4.0154	1040	0.0000	99.9038	1039	6	5	0.5849	4	2.47
contig_659_pilon_pilon_1	6.6190	2664	0.0000	95.0450	2532	11	16	0.6704	8	3.10
contig_820_pilon_pilon_1	23.9298	5573	0.0000	100.0000	5573	52	44	0.6629	25	5.13
contig_611_pilon_pilon_1	1.7287	1596	0.0000	94.5489	1509	4	4	0.6013	1	0.94
contig_680_pilon_pilon_1	4.1237	8083	0.0000	98.9360	7997	15	15	0.6208	4	2.25
contig_883_pilon_pilon_1	4.6559	3144	0.0000	100.0000	3144	6	4	0.6473	5	1.79
contig_649_pilon_pilon_1	8.8287	8121	0.0000	100.0000	8121	25	18	0.6243	10	3.39
contig_58_pilon_pilon_1	49.9375	2520699	0.0000	100.0000	2520699	23405	24490	0.6503	46	33.09
contig_890_pilon_pilon_1	3.6700	3615	0.0000	99.7510	3606	9	16	0.6445	4	1.70
contig_943_pilon_pilon_1	50.0408	88394	0.0000	100.0000	88394	761	778	0.6381	43	16.37
contig_625_pilon_pilon_1	3.0353	4387	0.0000	99.7265	4375	10	4	0.6083	3	1.76
contig_366_pilon_pilon_1	9.0236	13923	0.0000	100.0000	13923	50	57	0.6588	8	6.76
contig_69_pilon_pilon_1	51.3407	4295788	0.0000	100.0000	4295788	37337	36641	0.6561	46	26.87
contig_914_pilon_pilon_1	6.0986	5589	0.0000	79.9606	4469	36	42	0.6350	4	6.05
contig_562_pilon_pilon_1	4.8500	8973	0.0000	99.8328	8958	23	28	0.5437	4	2.69
contig_694_pilon_pilon_1	2.7091	2712	0.0000	94.2109	2555	6	10	0.6551	2	2.13
contig_109_pilon_pilon_1	49.7482	2097496	0.0000	100.0000	2097496	17213	17057	0.6533	47	20.27
contig_586_pilon_pilon_1	2.7916	5541	0.0000	93.9903	5208	8	11	0.6733	2	2.01
contig_55_pilon_pilon_1	54.3722	1746422	0.0000	100.0000	1746422	18156	17931	0.6459	49	30.65
contig_189_pilon_pilon_1	28.4581	1478	0.0000	89.7158	1326	24	47	0.6617	29	19.44
contig_125_pilon_pilon_1	5.8602	522	0.0000	100.0000	522	5	4	0.6077	6	2.30
contig_151_pilon_pilon_1	2.4144	613	0.0000	76.5090	469	1	4	0.6481	3	1.80
contig_812_pilon_pilon_1	8.6510	2805	0.0000	90.1604	2529	22	18	0.6851	4	9.67
contig_258_pilon_pilon_1	6.6497	1496	0.0000	88.8369	1329	15	13	0.6364	2	7.40
contig_150_pilon_pilon_1	4.9925	1476	0.0000	89.4309	1320	10	12	0.6021	5	3.48
contig_908_pilon_pilon_1	5.2972	3032	0.0000	98.5488	2988	8	13	0.6492	5	2.85
contig_114_pilon_pilon_1	22.3414	2197	0.0000	100.0000	2197	46	45	0.6167	21	9.08
contig_418_pilon_pilon_1	13.6452	8264	0.0000	100.0000	8264	62	77	0.6269	12	5.44
contig_584_pilon_pilon_1	4.0088	1248	0.0000	96.0737	1199	6	8	0.6170	3	2.90
contig_279_pilon_pilon_1	12.1450	2034	0.0000	100.0000	2034	21	22	0.6041	9	8.24
contig_787_pilon_pilon_1	7.4675	2049	0.0000	100.0000	2049	8	9	0.6300	8	1.99
contig_457_pilon_pilon_1	15.3155	1458	0.0000	100.0000	1458	19	18	0.6123	16	4.76
contig_766_pilon_pilon_1	6.6865	4619	0.0000	96.8608	4474	15	11	0.6291	8	4.35
contig_140_pilon_pilon_1	3.0983	875	0.0000	88.6857	776	5	3	0.6494	3	2.19
contig_930_pilon_pilon_1	5.7805	7590	0.0000	100.0000	7590	28	38	0.6313	5	4.55
contig_744_pilon_pilon_1	3.1031	3976	0.0000	83.2243	3309	14	1	0.6986	3	2.82
contig_601_pilon_pilon_1	8.6534	2369	0.0000	100.0000	2369	16	11	0.6198	10	4.68
contig_885_pilon_pilon_1	4.1609	1479	0.0000	96.8898	1433	1	10	0.6362	4	2.13
contig_767_pilon_pilon_1	6.3985	2617	0.0000	100.0000	2617	8	9	0.5342	7	1.51
contig_773_pilon_pilon_1	5.5512	2099	0.0000	100.0000	2099	12	12	0.5805	6	3.42
contig_782_pilon_pilon_1	9.1742	3296	0.0000	96.5716	3183	23	16	0.6886	9	5.88
contig_580_pilon_pilon_1	3.5998	2184	0.0000	100.0000	2184	6	5	0.6671	4	1.97
contig_527_pilon_pilon_1	12.7510	2357	0.0000	93.2966	2199	22	28	0.6118	6	12.32
contig_522_pilon_pilon_1	6.3991	3039	0.0000	100.0000	3039	12	9	0.6804	7	3.13
contig_917_pilon_pilon_1	6.0012	5054	0.0000	100.0000	5054	15	24	0.6592	5	2.48
contig_124_pilon_pilon_1	33.7290	2406	0.0000	100.0000	2406	58	62	0.6105	30	24.67
contig_257_pilon_pilon_1	9.6981	1994	0.0000	99.2979	1980	24	21	0.6546	9	5.18
contig_102_pilon_pilon_1	24.9391	1592	0.0000	99.8116	1589	29	40	0.6554	26	16.35
contig_181_pilon_pilon_1	3.0836	1304	0.0000	100.0000	1304	2	6	0.5363	3	1.19
contig_146_pilon_pilon_1	2.8449	761	0.0000	95.7950	729	5	2	0.6728	3	1.11
contig_144_pilon_pilon_1	3.7650	1068	0.0000	93.5393	999	4	6	0.6902	3	2.64
contig_642_pilon_pilon_1	30.8136	1030	0.0000	100.0000	1030	37	37	0.6378	31	5.91
contig_796_pilon_pilon_1	2.3032	1072	0.0000	89.9254	964	3	5	0.6608	2	1.55
contig_592_pilon_pilon_1	7.1965	1491	0.0000	100.0000	1491	9	12	0.5636	7	3.31
contig_180_pilon_pilon_1	3.7249	1392	0.0000	89.7270	1249	8	5	0.7046	3	2.96
contig_798_pilon_pilon_1	13.2008	2266	0.0000	99.9559	2265	23	20	0.6641	12	6.80
contig_864_pilon_pilon_1	7.9547	7864	0.0000	98.0163	7708	37	49	0.6362	7	5.05
contig_645_pilon_pilon_1	19.6478	2513	0.0000	100.0000	2513	35	42	0.6430	20	3.18
contig_549_pilon_pilon_1	5.8932	3080	0.0000	100.0000	3080	11	14	0.6497	5	2.39
contig_590_pilon_pilon_1	21.7622	2763	0.0000	100.0000	2763	34	25	0.5995	21	3.61
contig_779_pilon_pilon_1	9.0675	5455	0.0000	96.2603	5251	52	36	0.6011	5	8.26
contig_302_pilon_pilon_1	7.6531	2903	0.0000	99.8967	2900	20	15	0.7043	7	3.49
contig_575_pilon_pilon_1	7.8505	1391	0.0000	88.9288	1237	11	9	0.6198	9	4.44
contig_510_pilon_pilon_1	6.5837	3466	0.0000	98.4132	3411	13	20	0.6245	6	3.90
contig_871_pilon_pilon_1	2.2643	2353	0.0000	97.1951	2287	3	3	0.6415	2	1.02
contig_764_pilon_pilon_1	6.4454	2079	0.0000	100.0000	2079	16	11	0.6500	6	3.01
contig_478_pilon_pilon_1	20.2123	4367	0.0000	100.0000	4367	43	36	0.6442	20	5.68
contig_426_pilon_pilon_1	9.8605	1986	0.0000	99.6475	1979	14	17	0.6407	11	3.35
contig_783_pilon_pilon_1	10.7451	3794	0.0000	100.0000	3794	34	35	0.7009	12	3.61
contig_172_pilon_pilon_1	4.3523	1683	0.0000	100.0000	1683	7	7	0.6593	4	1.46
contig_546_pilon_pilon_1	5.5125	12327	0.0000	100.0000	12327	33	18	0.6430	5	1.96
contig_108_pilon_pilon_1	47.5504	2360	0.0000	100.0000	2360	63	70	0.5332	53	14.19
contig_175_pilon_pilon_1	4.6709	1015	0.0000	87.3892	887	6	8	0.6464	4	3.52
contig_370_pilon_pilon_1	19.1039	3946	0.0000	100.0000	3946	52	43	0.6637	13	14.21
contig_553_pilon_pilon_1	11.1911	3772	0.0000	100.0000	3772	23	20	0.6671	11	3.51
contig_29_pilon_pilon_1	15.7241	935	0.0000	100.0000	935	21	14	0.5873	16	3.71
contig_148_pilon_pilon_1	1.6562	733	0.0000	92.3602	677	2	2	0.6656	2	0.80
contig_669_pilon_pilon_1	3.5366	2777	0.0000	99.8920	2774	5	13	0.6515	3	1.74
contig_537_pilon_pilon_1	7.9704	2564	0.0000	98.3619	2522	9	13	0.7514	9	4.25
contig_246_pilon_pilon_1	7.1837	3837	0.0000	91.0868	3495	11	14	0.6683	8	3.57
contig_923_pilon_pilon_1	2.0560	3699	0.0000	100.0000	3699	5	2	0.6214	2	0.75
