#Name	Length	A	C	G	T	N	IUPAC	Other	GC
contig_931_pilon_pilon	7305	0.1641	0.3524	0.3040	0.1795	0.0000	0.0000	0.0000	0.6564
contig_183_pilon_pilon	923701	0.1736	0.3274	0.3254	0.1735	0.0000	0.0000	0.0000	0.6529
contig_92_pilon_pilon	1961317	0.1663	0.3391	0.3257	0.1689	0.0000	0.0000	0.0000	0.6647
contig_563_pilon_pilon	5461	0.1771	0.3336	0.3241	0.1652	0.0000	0.0000	0.0000	0.6578
contig_734_pilon_pilon	13162	0.1831	0.3108	0.3069	0.1992	0.0000	0.0000	0.0000	0.6177
contig_679_pilon_pilon	7557	0.1796	0.2984	0.3527	0.1694	0.0000	0.0000	0.0000	0.6511
contig_409_pilon_pilon	543	0.1602	0.2947	0.3481	0.1971	0.0000	0.0000	0.0000	0.6427
contig_898_pilon_pilon	4914	0.1693	0.3427	0.3193	0.1687	0.0000	0.0000	0.0000	0.6620
contig_865_pilon_pilon	17046	0.1904	0.3276	0.3129	0.1691	0.0000	0.0000	0.0000	0.6406
contig_708_pilon_pilon	9527	0.1106	0.3319	0.3913	0.1662	0.0000	0.0000	0.0000	0.7232
contig_315_pilon_pilon	7579	0.1734	0.3421	0.3161	0.1684	0.0000	0.0000	0.0000	0.6583
contig_330_pilon_pilon	15314	0.1623	0.2440	0.4538	0.1399	0.0000	0.0000	0.0000	0.6978
contig_863_pilon_pilon	6561	0.1759	0.3015	0.3637	0.1590	0.0000	0.0000	0.0000	0.6651
contig_194_pilon_pilon	2684	0.1475	0.3189	0.3450	0.1885	0.0000	0.0000	0.0000	0.6639
contig_568_pilon_pilon	3262	0.1401	0.3807	0.2977	0.1815	0.0000	0.0000	0.0000	0.6784
contig_834_pilon_pilon	2570	0.1805	0.2829	0.3451	0.1914	0.0000	0.0000	0.0000	0.6280
contig_710_pilon_pilon	2183	0.1791	0.3495	0.2913	0.1800	0.0000	0.0000	0.0000	0.6409
contig_775_pilon_pilon	4059	0.1471	0.3385	0.3400	0.1744	0.0000	0.0000	0.0000	0.6785
contig_732_pilon_pilon	5253	0.1237	0.5054	0.2241	0.1468	0.0000	0.0000	0.0000	0.7295
contig_593_pilon_pilon	4200	0.2252	0.2771	0.3050	0.1926	0.0000	0.0000	0.0000	0.5821
contig_569_pilon_pilon	12123	0.1473	0.3561	0.3248	0.1718	0.0000	0.0000	0.0000	0.6809
contig_11_pilon_pilon	1244456	0.1702	0.3265	0.3306	0.1727	0.0000	0.0000	0.0000	0.6571
contig_176_pilon_pilon	3409	0.1748	0.3177	0.3168	0.1907	0.0000	0.0000	0.0000	0.6345
contig_316_pilon_pilon	2323	0.1825	0.3513	0.3224	0.1438	0.0000	0.0000	0.0000	0.6737
contig_477_pilon_pilon	8212	0.1722	0.3038	0.3429	0.1811	0.0000	0.0000	0.0000	0.6467
contig_746_pilon_pilon	1625	0.2049	0.2782	0.3095	0.2074	0.0000	0.0000	0.0000	0.5877
contig_235_pilon_pilon	5927	0.1132	0.3585	0.3020	0.2263	0.0000	0.0000	0.0000	0.6605
contig_907_pilon_pilon	1947	0.1803	0.3451	0.2820	0.1926	0.0000	0.0000	0.0000	0.6271
contig_187_pilon_pilon	8117	0.1618	0.3690	0.2896	0.1796	0.0000	0.0000	0.0000	0.6586
contig_49_pilon_pilon	1482945	0.1742	0.3248	0.3250	0.1760	0.0000	0.0000	0.0000	0.6498
contig_526_pilon_pilon	7496	0.1872	0.3250	0.3298	0.1581	0.0000	0.0000	0.0000	0.6547
contig_267_pilon_pilon	5710	0.1243	0.4902	0.2552	0.1303	0.0000	0.0000	0.0000	0.7454
contig_941_pilon_pilon	4759	0.2240	0.2736	0.3049	0.1975	0.0000	0.0000	0.0000	0.5785
contig_954_pilon_pilon	10864	0.0945	0.3686	0.3162	0.2207	0.0000	0.0000	0.0000	0.6847
contig_107_pilon_pilon	821707	0.1721	0.3289	0.3244	0.1747	0.0000	0.0000	0.0000	0.6533
contig_533_pilon_pilon	20243	0.1626	0.3229	0.3352	0.1793	0.0000	0.0000	0.0000	0.6581
contig_870_pilon_pilon	14941	0.1800	0.3310	0.3167	0.1723	0.0000	0.0000	0.0000	0.6477
contig_738_pilon_pilon	3631	0.1647	0.3393	0.3310	0.1650	0.0000	0.0000	0.0000	0.6703
contig_487_pilon_pilon	7120	0.1739	0.3333	0.3194	0.1735	0.0000	0.0000	0.0000	0.6527
contig_178_pilon_pilon	236682	0.1666	0.3274	0.3356	0.1705	0.0000	0.0000	0.0000	0.6630
contig_421_pilon_pilon	6398	0.1599	0.3057	0.3471	0.1872	0.0000	0.0000	0.0000	0.6529
contig_942_pilon_pilon	35917	0.2362	0.2419	0.3783	0.1436	0.0000	0.0000	0.0000	0.6203
contig_483_pilon_pilon	9333	0.1658	0.3217	0.3630	0.1496	0.0000	0.0000	0.0000	0.6847
contig_479_pilon_pilon	2422	0.1738	0.3105	0.3456	0.1701	0.0000	0.0000	0.0000	0.6561
contig_182_pilon_pilon	2074	0.1861	0.3177	0.3067	0.1895	0.0000	0.0000	0.0000	0.6244
contig_344_pilon_pilon	4623	0.1573	0.3368	0.2732	0.2327	0.0000	0.0000	0.0000	0.6100
contig_42_pilon_pilon	3015506	0.1703	0.3283	0.3310	0.1704	0.0000	0.0000	0.0000	0.6593
contig_662_pilon_pilon	27499	0.1375	0.3389	0.3290	0.1946	0.0000	0.0000	0.0000	0.6679
contig_551_pilon_pilon	5848	0.1761	0.3393	0.3252	0.1594	0.0000	0.0000	0.0000	0.6645
contig_191_pilon_pilon	10777	0.1476	0.4198	0.2183	0.2143	0.0000	0.0000	0.0000	0.6381
contig_36_pilon_pilon	7330895	0.1686	0.3326	0.3299	0.1688	0.0000	0.0000	0.0000	0.6626
contig_404_pilon_pilon	5464	0.1702	0.2710	0.4050	0.1537	0.0000	0.0000	0.0000	0.6761
contig_946_pilon_pilon	67369	0.1683	0.3262	0.3333	0.1722	0.0000	0.0000	0.0000	0.6596
contig_422_pilon_pilon	6678	0.1512	0.3223	0.3089	0.2176	0.0000	0.0000	0.0000	0.6312
contig_111_pilon_pilon	2263275	0.1706	0.3306	0.3280	0.1708	0.0000	0.0000	0.0000	0.6586
contig_67_pilon_pilon	989904	0.1690	0.3339	0.3268	0.1704	0.0000	0.0000	0.0000	0.6606
contig_682_pilon_pilon	4289	0.1956	0.3197	0.3122	0.1725	0.0000	0.0000	0.0000	0.6318
contig_663_pilon_pilon	2366	0.1530	0.3601	0.2899	0.1970	0.0000	0.0000	0.0000	0.6500
contig_77_pilon_pilon	3369442	0.1706	0.3294	0.3302	0.1698	0.0000	0.0000	0.0000	0.6596
contig_622_pilon_pilon	2402	0.1940	0.3639	0.2968	0.1453	0.0000	0.0000	0.0000	0.6607
contig_939_pilon_pilon	1698	0.1555	0.3386	0.3551	0.1508	0.0000	0.0000	0.0000	0.6938
contig_485_pilon_pilon	15791	0.0713	0.6001	0.2393	0.0894	0.0000	0.0000	0.0000	0.8393
contig_61_pilon_pilon	511168	0.1737	0.3298	0.3253	0.1712	0.0000	0.0000	0.0000	0.6551
contig_88_pilon_pilon	1157525	0.1732	0.3260	0.3303	0.1705	0.0000	0.0000	0.0000	0.6563
contig_492_pilon_pilon	2221	0.1986	0.2931	0.2400	0.2683	0.0000	0.0000	0.0000	0.5331
contig_33_pilon_pilon	5363505	0.1686	0.3295	0.3327	0.1691	0.0000	0.0000	0.0000	0.6623
contig_44_pilon_pilon	3389747	0.1719	0.3272	0.3291	0.1718	0.0000	0.0000	0.0000	0.6563
contig_243_pilon_pilon	24133	0.0835	0.6254	0.1982	0.0930	0.0000	0.0000	0.0000	0.8235
contig_600_pilon_pilon	6260	0.1764	0.2928	0.3786	0.1522	0.0000	0.0000	0.0000	0.6714
contig_651_pilon_pilon	4189	0.1843	0.3337	0.3218	0.1602	0.0000	0.0000	0.0000	0.6555
contig_794_pilon_pilon	6666	0.1826	0.3032	0.3482	0.1661	0.0000	0.0000	0.0000	0.6514
contig_815_pilon_pilon	5587	0.1593	0.2880	0.3240	0.2287	0.0000	0.0000	0.0000	0.6120
contig_504_pilon_pilon	2414	0.1649	0.3152	0.3476	0.1723	0.0000	0.0000	0.0000	0.6628
contig_658_pilon_pilon	2475	0.1729	0.3224	0.3030	0.2016	0.0000	0.0000	0.0000	0.6255
contig_859_pilon_pilon	10517	0.1353	0.4018	0.2446	0.2183	0.0000	0.0000	0.0000	0.6464
contig_735_pilon_pilon	13335	0.1915	0.3177	0.2979	0.1930	0.0000	0.0000	0.0000	0.6155
contig_507_pilon_pilon	2620	0.1538	0.4179	0.2653	0.1630	0.0000	0.0000	0.0000	0.6832
contig_116_pilon_pilon	2307	0.1651	0.3641	0.3173	0.1534	0.0000	0.0000	0.0000	0.6814
contig_862_pilon_pilon	5986	0.2072	0.2746	0.3261	0.1921	0.0000	0.0000	0.0000	0.6007
contig_841_pilon_pilon	23946	0.1705	0.3324	0.3281	0.1690	0.0000	0.0000	0.0000	0.6605
contig_72_pilon_pilon	3823155	0.1699	0.3273	0.3338	0.1690	0.0000	0.0000	0.0000	0.6611
contig_39_pilon_pilon	82745	0.1783	0.3333	0.3200	0.1683	0.0000	0.0000	0.0000	0.6534
contig_413_pilon_pilon	8756	0.2057	0.3200	0.3034	0.1709	0.0000	0.0000	0.0000	0.6235
contig_602_pilon_pilon	7976	0.1881	0.3438	0.2837	0.1844	0.0000	0.0000	0.0000	0.6275
contig_68_pilon_pilon	1210671	0.1672	0.3374	0.3268	0.1686	0.0000	0.0000	0.0000	0.6642
contig_621_pilon_pilon	7005	0.1724	0.3370	0.3345	0.1560	0.0000	0.0000	0.0000	0.6715
contig_778_pilon_pilon	7771	0.1573	0.3204	0.3464	0.1759	0.0000	0.0000	0.0000	0.6668
contig_53_pilon_pilon	2098855	0.1679	0.3229	0.3433	0.1659	0.0000	0.0000	0.0000	0.6662
contig_74_pilon_pilon	1619029	0.1694	0.3336	0.3280	0.1689	0.0000	0.0000	0.0000	0.6616
contig_205_pilon_pilon	30465	0.1719	0.3216	0.3383	0.1682	0.0000	0.0000	0.0000	0.6599
contig_337_pilon_pilon	6760	0.1592	0.2982	0.3689	0.1737	0.0000	0.0000	0.0000	0.6672
contig_435_pilon_pilon	54992	0.1796	0.3178	0.3310	0.1716	0.0000	0.0000	0.0000	0.6487
contig_629_pilon_pilon	1290	0.1806	0.3434	0.3395	0.1364	0.0000	0.0000	0.0000	0.6829
contig_695_pilon_pilon	7576	0.1810	0.3160	0.3192	0.1839	0.0000	0.0000	0.0000	0.6352
contig_903_pilon_pilon	3837	0.1817	0.3028	0.3703	0.1452	0.0000	0.0000	0.0000	0.6732
contig_45_pilon_pilon	3442869	0.1670	0.3310	0.3360	0.1659	0.0000	0.0000	0.0000	0.6671
contig_265_pilon_pilon	319265	0.1725	0.3238	0.3346	0.1691	0.0000	0.0000	0.0000	0.6584
contig_827_pilon_pilon	8173	0.1597	0.3721	0.2960	0.1723	0.0000	0.0000	0.0000	0.6681
contig_867_pilon_pilon	3961	0.2123	0.3237	0.2734	0.1906	0.0000	0.0000	0.0000	0.5971
contig_56_pilon_pilon	914563	0.1676	0.3158	0.3529	0.1638	0.0000	0.0000	0.0000	0.6686
contig_836_pilon_pilon	2878	0.1671	0.3419	0.3204	0.1706	0.0000	0.0000	0.0000	0.6623
contig_543_pilon_pilon	2552	0.1642	0.3323	0.3605	0.1430	0.0000	0.0000	0.0000	0.6928
contig_192_pilon_pilon	5957	0.1721	0.2835	0.3940	0.1504	0.0000	0.0000	0.0000	0.6775
contig_801_pilon_pilon	10418	0.1860	0.2952	0.3412	0.1776	0.0000	0.0000	0.0000	0.6364
contig_552_pilon_pilon	2741	0.1587	0.3473	0.3298	0.1642	0.0000	0.0000	0.0000	0.6771
contig_38_pilon_pilon	6531752	0.1696	0.3303	0.3307	0.1694	0.0000	0.0000	0.0000	0.6610
contig_955_pilon_pilon	6252	0.1604	0.3268	0.3495	0.1633	0.0000	0.0000	0.0000	0.6763
contig_672_pilon_pilon	1814	0.2238	0.2745	0.3467	0.1549	0.0000	0.0000	0.0000	0.6213
contig_929_pilon_pilon	1661	0.1644	0.3468	0.3763	0.1126	0.0000	0.0000	0.0000	0.7231
contig_765_pilon_pilon	9409	0.1881	0.3047	0.3178	0.1894	0.0000	0.0000	0.0000	0.6225
contig_540_pilon_pilon	5872	0.1858	0.3466	0.3384	0.1293	0.0000	0.0000	0.0000	0.6849
contig_715_pilon_pilon	9557	0.1935	0.3191	0.3259	0.1615	0.0000	0.0000	0.0000	0.6451
contig_308_pilon_pilon	4658	0.2896	0.1975	0.2772	0.2357	0.0000	0.0000	0.0000	0.4747
contig_506_pilon_pilon	3530	0.1739	0.2771	0.3949	0.1541	0.0000	0.0000	0.0000	0.6720
contig_417_pilon_pilon	1631	0.2091	0.3299	0.2679	0.1931	0.0000	0.0000	0.0000	0.5978
contig_70_pilon_pilon	274185	0.1704	0.3237	0.3332	0.1727	0.0000	0.0000	0.0000	0.6569
contig_87_pilon_pilon	2798154	0.1722	0.3247	0.3293	0.1738	0.0000	0.0000	0.0000	0.6540
contig_776_pilon_pilon	12524	0.1658	0.3073	0.3499	0.1770	0.0000	0.0000	0.0000	0.6571
contig_264_pilon_pilon	1715	0.1598	0.2519	0.4052	0.1831	0.0000	0.0000	0.0000	0.6571
contig_347_pilon_pilon	3062	0.1617	0.3076	0.3641	0.1666	0.0000	0.0000	0.0000	0.6718
contig_576_pilon_pilon	3118	0.1809	0.3044	0.3345	0.1802	0.0000	0.0000	0.0000	0.6389
contig_429_pilon_pilon	39213	0.1582	0.3766	0.3085	0.1567	0.0000	0.0000	0.0000	0.6851
contig_671_pilon_pilon	2014	0.1743	0.3342	0.3600	0.1316	0.0000	0.0000	0.0000	0.6941
contig_623_pilon_pilon	3357	0.1898	0.3673	0.2845	0.1585	0.0000	0.0000	0.0000	0.6518
contig_624_pilon_pilon	6029	0.1876	0.3150	0.3130	0.1844	0.0000	0.0000	0.0000	0.6280
contig_52_pilon_pilon	5217915	0.1685	0.3268	0.3366	0.1681	0.0000	0.0000	0.0000	0.6634
contig_598_pilon_pilon	12892	0.1844	0.3047	0.3431	0.1679	0.0000	0.0000	0.0000	0.6478
contig_185_pilon_pilon	552314	0.1697	0.3271	0.3313	0.1719	0.0000	0.0000	0.0000	0.6584
contig_3_pilon_pilon	990953	0.1713	0.3320	0.3270	0.1697	0.0000	0.0000	0.0000	0.6590
contig_559_pilon_pilon	1761	0.1522	0.3373	0.3475	0.1630	0.0000	0.0000	0.0000	0.6848
contig_823_pilon_pilon	15934	0.1717	0.3056	0.3642	0.1585	0.0000	0.0000	0.0000	0.6698
contig_202_pilon_pilon	15705	0.1740	0.3398	0.3122	0.1741	0.0000	0.0000	0.0000	0.6520
contig_585_pilon_pilon	1382	0.1831	0.3329	0.2923	0.1918	0.0000	0.0000	0.0000	0.6252
contig_891_pilon_pilon	4831	0.1865	0.3132	0.3126	0.1877	0.0000	0.0000	0.0000	0.6258
contig_521_pilon_pilon	8049	0.1721	0.3231	0.2908	0.2139	0.0000	0.0000	0.0000	0.6140
contig_73_pilon_pilon	742155	0.1692	0.3298	0.3339	0.1671	0.0000	0.0000	0.0000	0.6638
contig_158_pilon_pilon	1897	0.1581	0.4333	0.2435	0.1650	0.0000	0.0000	0.0000	0.6769
contig_731_pilon_pilon	2299	0.1235	0.4498	0.2597	0.1670	0.0000	0.0000	0.0000	0.7094
contig_922_pilon_pilon	6922	0.1880	0.3262	0.2850	0.2008	0.0000	0.0000	0.0000	0.6112
contig_581_pilon_pilon	3092	0.1995	0.3218	0.3066	0.1721	0.0000	0.0000	0.0000	0.6284
contig_807_pilon_pilon	9564	0.1756	0.2976	0.3205	0.2064	0.0000	0.0000	0.0000	0.6180
contig_960_pilon_pilon	1539	0.1280	0.4412	0.2846	0.1462	0.0000	0.0000	0.0000	0.7258
contig_676_pilon_pilon	6178	0.2012	0.3270	0.2821	0.1897	0.0000	0.0000	0.0000	0.6091
contig_9_pilon_pilon	1209437	0.1741	0.3235	0.3308	0.1716	0.0000	0.0000	0.0000	0.6543
contig_691_pilon_pilon	2411	0.1763	0.2638	0.4173	0.1427	0.0000	0.0000	0.0000	0.6810
contig_420_pilon_pilon	8253	0.1675	0.3170	0.3216	0.1940	0.0000	0.0000	0.0000	0.6386
contig_945_pilon_pilon	5646	0.1548	0.2504	0.4150	0.1798	0.0000	0.0000	0.0000	0.6654
contig_698_pilon_pilon	7455	0.2035	0.2985	0.3414	0.1567	0.0000	0.0000	0.0000	0.6398
contig_539_pilon_pilon	5340	0.1873	0.3457	0.3356	0.1315	0.0000	0.0000	0.0000	0.6813
contig_596_pilon_pilon	31557	0.1755	0.3105	0.3491	0.1649	0.0000	0.0000	0.0000	0.6596
contig_858_pilon_pilon	7699	0.1465	0.3868	0.2602	0.2065	0.0000	0.0000	0.0000	0.6470
contig_512_pilon_pilon	13418	0.1670	0.3571	0.3343	0.1416	0.0000	0.0000	0.0000	0.6914
contig_707_pilon_pilon	4742	0.1672	0.3507	0.3488	0.1333	0.0000	0.0000	0.0000	0.6995
contig_46_pilon_pilon	1297837	0.1715	0.3261	0.3288	0.1736	0.0000	0.0000	0.0000	0.6549
contig_737_pilon_pilon	8255	0.1703	0.3205	0.3478	0.1614	0.0000	0.0000	0.0000	0.6683
contig_697_pilon_pilon	3792	0.1448	0.3605	0.3125	0.1822	0.0000	0.0000	0.0000	0.6730
contig_90_pilon_pilon	1774189	0.1691	0.3254	0.3369	0.1686	0.0000	0.0000	0.0000	0.6623
contig_414_pilon_pilon	2621	0.1698	0.3106	0.3312	0.1885	0.0000	0.0000	0.0000	0.6417
contig_168_pilon_pilon	2994	0.2021	0.3123	0.3267	0.1590	0.0000	0.0000	0.0000	0.6389
contig_225_pilon_pilon	8630	0.1535	0.3533	0.3205	0.1727	0.0000	0.0000	0.0000	0.6738
contig_743_pilon_pilon	9560	0.1851	0.3043	0.3554	0.1551	0.0000	0.0000	0.0000	0.6597
contig_913_pilon_pilon	9692	0.1813	0.3400	0.2881	0.1907	0.0000	0.0000	0.0000	0.6280
contig_745_pilon_pilon	5061	0.1729	0.2642	0.3873	0.1757	0.0000	0.0000	0.0000	0.6515
contig_416_pilon_pilon	11854	0.1650	0.3137	0.3338	0.1874	0.0000	0.0000	0.0000	0.6475
contig_199_pilon_pilon	6290	0.1645	0.2792	0.4161	0.1402	0.0000	0.0000	0.0000	0.6952
contig_886_pilon_pilon	4280	0.1862	0.3098	0.3402	0.1638	0.0000	0.0000	0.0000	0.6500
contig_702_pilon_pilon	4884	0.1392	0.3606	0.3153	0.1849	0.0000	0.0000	0.0000	0.6759
contig_816_pilon_pilon	4056	0.1440	0.2934	0.3148	0.2478	0.0000	0.0000	0.0000	0.6082
contig_545_pilon_pilon	11178	0.1776	0.3269	0.3266	0.1689	0.0000	0.0000	0.0000	0.6535
contig_236_pilon_pilon	21600	0.1939	0.3294	0.3141	0.1627	0.0000	0.0000	0.0000	0.6434
contig_614_pilon_pilon	2261	0.1889	0.2932	0.3078	0.2101	0.0000	0.0000	0.0000	0.6011
contig_345_pilon_pilon	5702	0.1978	0.2946	0.3213	0.1863	0.0000	0.0000	0.0000	0.6159
contig_840_pilon_pilon	11016	0.1570	0.3512	0.3201	0.1717	0.0000	0.0000	0.0000	0.6713
contig_60_pilon_pilon	7853977	0.1692	0.3289	0.3337	0.1682	0.0000	0.0000	0.0000	0.6626
contig_357_pilon_pilon	6487	0.1626	0.3223	0.3361	0.1790	0.0000	0.0000	0.0000	0.6584
contig_736_pilon_pilon	4832	0.1769	0.3295	0.3276	0.1660	0.0000	0.0000	0.0000	0.6571
contig_722_pilon_pilon	7161	0.1683	0.3183	0.3102	0.2033	0.0000	0.0000	0.0000	0.6284
contig_490_pilon_pilon	4326	0.1852	0.2926	0.3232	0.1990	0.0000	0.0000	0.0000	0.6158
contig_94_pilon_pilon	1356154	0.1680	0.3334	0.3322	0.1664	0.0000	0.0000	0.0000	0.6656
contig_91_pilon_pilon	1817384	0.1661	0.3388	0.3294	0.1656	0.0000	0.0000	0.0000	0.6682
contig_880_pilon_pilon	10299	0.1762	0.3123	0.3197	0.1918	0.0000	0.0000	0.0000	0.6320
contig_54_pilon_pilon	358815	0.1741	0.3239	0.3336	0.1684	0.0000	0.0000	0.0000	0.6575
contig_443_pilon_pilon	2183	0.1718	0.3005	0.3426	0.1851	0.0000	0.0000	0.0000	0.6432
contig_59_pilon_pilon	2714005	0.1651	0.3277	0.3453	0.1619	0.0000	0.0000	0.0000	0.6730
contig_567_pilon_pilon	4164	0.1419	0.3850	0.2896	0.1835	0.0000	0.0000	0.0000	0.6746
contig_93_pilon_pilon	527915	0.1693	0.3235	0.3345	0.1727	0.0000	0.0000	0.0000	0.6580
contig_843_pilon_pilon	3836	0.1775	0.3024	0.3196	0.2005	0.0000	0.0000	0.0000	0.6220
contig_314_pilon_pilon	2550	0.1690	0.2843	0.3945	0.1522	0.0000	0.0000	0.0000	0.6788
contig_554_pilon_pilon	5118	0.1329	0.4631	0.2618	0.1422	0.0000	0.0000	0.0000	0.7249
contig_686_pilon_pilon	2038	0.1246	0.3538	0.3665	0.1551	0.0000	0.0000	0.0000	0.7203
contig_66_pilon_pilon	1296909	0.1714	0.3306	0.3247	0.1732	0.0000	0.0000	0.0000	0.6553
contig_577_pilon_pilon	33948	0.1539	0.3588	0.3144	0.1730	0.0000	0.0000	0.0000	0.6731
contig_733_pilon_pilon	8614	0.1449	0.3507	0.3440	0.1604	0.0000	0.0000	0.0000	0.6947
contig_723_pilon_pilon	12042	0.1790	0.3227	0.3205	0.1778	0.0000	0.0000	0.0000	0.6432
contig_57_pilon_pilon	3445941	0.1688	0.3312	0.3309	0.1692	0.0000	0.0000	0.0000	0.6620
contig_882_pilon_pilon	4829	0.1855	0.3473	0.3112	0.1559	0.0000	0.0000	0.0000	0.6585
contig_789_pilon_pilon	5331	0.1452	0.3493	0.3613	0.1443	0.0000	0.0000	0.0000	0.7106
contig_103_pilon_pilon	1607036	0.1611	0.3340	0.3442	0.1608	0.0000	0.0000	0.0000	0.6782
contig_64_pilon_pilon	2412362	0.1707	0.3319	0.3262	0.1712	0.0000	0.0000	0.0000	0.6581
contig_439_pilon_pilon	6231	0.2590	0.3192	0.2427	0.1791	0.0000	0.0000	0.0000	0.5619
contig_520_pilon_pilon	4055	0.1640	0.3625	0.2801	0.1933	0.0000	0.0000	0.0000	0.6427
contig_390_pilon_pilon	1465	0.1850	0.3147	0.3188	0.1816	0.0000	0.0000	0.0000	0.6334
contig_560_pilon_pilon	3357	0.1722	0.3235	0.3393	0.1650	0.0000	0.0000	0.0000	0.6628
contig_41_pilon_pilon	1439357	0.1690	0.3278	0.3355	0.1677	0.0000	0.0000	0.0000	0.6633
contig_933_pilon_pilon	6435	0.1977	0.2998	0.3044	0.1981	0.0000	0.0000	0.0000	0.6042
contig_626_pilon_pilon	14891	0.1670	0.3311	0.3168	0.1851	0.0000	0.0000	0.0000	0.6479
contig_869_pilon_pilon	25741	0.1792	0.3327	0.3066	0.1816	0.0000	0.0000	0.0000	0.6392
contig_889_pilon_pilon	4430	0.1535	0.3637	0.3163	0.1666	0.0000	0.0000	0.0000	0.6799
contig_51_pilon_pilon	2620798	0.1673	0.3353	0.3281	0.1694	0.0000	0.0000	0.0000	0.6634
contig_620_pilon_pilon	1598	0.1996	0.3204	0.2972	0.1827	0.0000	0.0000	0.0000	0.6176
contig_4_pilon_pilon	41939	0.1574	0.3305	0.3301	0.1820	0.0000	0.0000	0.0000	0.6606
contig_312_pilon_pilon	3526	0.2087	0.3165	0.2944	0.1804	0.0000	0.0000	0.0000	0.6109
contig_372_pilon_pilon	32554	0.1720	0.3298	0.3330	0.1653	0.0000	0.0000	0.0000	0.6627
contig_184_pilon_pilon	204372	0.1809	0.3091	0.3349	0.1752	0.0000	0.0000	0.0000	0.6439
contig_647_pilon_pilon	8941	0.1546	0.3328	0.3445	0.1681	0.0000	0.0000	0.0000	0.6773
contig_561_pilon_pilon	13822	0.1563	0.3372	0.3252	0.1813	0.0000	0.0000	0.0000	0.6624
contig_573_pilon_pilon	4111	0.1956	0.3160	0.3337	0.1547	0.0000	0.0000	0.0000	0.6497
contig_752_pilon_pilon	10101	0.1885	0.3001	0.3117	0.1998	0.0000	0.0000	0.0000	0.6117
contig_499_pilon_pilon	10404	0.1641	0.3721	0.3107	0.1531	0.0000	0.0000	0.0000	0.6828
contig_854_pilon_pilon	12621	0.1474	0.3538	0.3390	0.1598	0.0000	0.0000	0.0000	0.6928
contig_37_pilon_pilon	2788392	0.1693	0.3317	0.3291	0.1699	0.0000	0.0000	0.0000	0.6607
contig_564_pilon_pilon	5222	0.1815	0.3365	0.3056	0.1764	0.0000	0.0000	0.0000	0.6421
contig_201_pilon_pilon	19940	0.1773	0.3008	0.3571	0.1648	0.0000	0.0000	0.0000	0.6579
contig_619_pilon_pilon	17426	0.1827	0.3173	0.3153	0.1847	0.0000	0.0000	0.0000	0.6327
contig_167_pilon_pilon	4824	0.1957	0.2560	0.3534	0.1949	0.0000	0.0000	0.0000	0.6095
contig_484_pilon_pilon	12281	0.1633	0.3233	0.3032	0.2101	0.0000	0.0000	0.0000	0.6266
contig_833_pilon_pilon	14814	0.1793	0.3171	0.3313	0.1723	0.0000	0.0000	0.0000	0.6484
contig_925_pilon_pilon	4490	0.1635	0.3998	0.3283	0.1085	0.0000	0.0000	0.0000	0.7281
contig_266_pilon_pilon	6141	0.1975	0.3164	0.2978	0.1882	0.0000	0.0000	0.0000	0.6142
contig_190_pilon_pilon	254250	0.1650	0.3417	0.3273	0.1659	0.0000	0.0000	0.0000	0.6690
contig_768_pilon_pilon	3990	0.1907	0.3231	0.3266	0.1596	0.0000	0.0000	0.0000	0.6496
contig_364_pilon_pilon	2201	0.1558	0.3839	0.2990	0.1613	0.0000	0.0000	0.0000	0.6829
contig_594_pilon_pilon	4230	0.1707	0.3844	0.2849	0.1600	0.0000	0.0000	0.0000	0.6693
contig_872_pilon_pilon	2585	0.1605	0.3215	0.3369	0.1810	0.0000	0.0000	0.0000	0.6584
contig_495_pilon_pilon	11466	0.1703	0.3201	0.3286	0.1810	0.0000	0.0000	0.0000	0.6487
contig_50_pilon_pilon	2566482	0.1702	0.3295	0.3307	0.1696	0.0000	0.0000	0.0000	0.6603
contig_792_pilon_pilon	8176	0.2039	0.3114	0.2852	0.1995	0.0000	0.0000	0.0000	0.5966
contig_428_pilon_pilon	32548	0.1617	0.3844	0.3007	0.1532	0.0000	0.0000	0.0000	0.6851
contig_505_pilon_pilon	4150	0.1863	0.3152	0.3231	0.1754	0.0000	0.0000	0.0000	0.6383
contig_48_pilon_pilon	1269789	0.1738	0.3240	0.3279	0.1743	0.0000	0.0000	0.0000	0.6519
contig_481_pilon_pilon	14727	0.1764	0.3195	0.3351	0.1690	0.0000	0.0000	0.0000	0.6546
contig_683_pilon_pilon	3208	0.1344	0.4040	0.3603	0.1013	0.0000	0.0000	0.0000	0.7643
contig_877_pilon_pilon	2620	0.2103	0.2916	0.2889	0.2092	0.0000	0.0000	0.0000	0.5805
contig_570_pilon_pilon	11355	0.1443	0.3604	0.3284	0.1669	0.0000	0.0000	0.0000	0.6888
contig_486_pilon_pilon	25186	0.0719	0.6013	0.2351	0.0917	0.0000	0.0000	0.0000	0.8364
contig_86_pilon_pilon	2811528	0.1681	0.3301	0.3323	0.1695	0.0000	0.0000	0.0000	0.6624
contig_216_pilon_pilon	71837	0.1756	0.3269	0.3345	0.1630	0.0000	0.0000	0.0000	0.6614
contig_358_pilon_pilon	230937	0.1703	0.3249	0.3376	0.1672	0.0000	0.0000	0.0000	0.6625
contig_558_pilon_pilon	4214	0.2091	0.2902	0.2897	0.2110	0.0000	0.0000	0.0000	0.5800
contig_32_pilon_pilon	5025700	0.1675	0.3284	0.3375	0.1666	0.0000	0.0000	0.0000	0.6659
contig_112_pilon_pilon	20676	0.1251	0.3227	0.4311	0.1210	0.0000	0.0000	0.0000	0.7539
contig_196_pilon_pilon	7552	0.1709	0.3308	0.3275	0.1708	0.0000	0.0000	0.0000	0.6582
contig_488_pilon_pilon	4323	0.1774	0.3317	0.3053	0.1855	0.0000	0.0000	0.0000	0.6371
contig_749_pilon_pilon	14839	0.1235	0.3708	0.3675	0.1382	0.0000	0.0000	0.0000	0.7383
contig_893_pilon_pilon	2668	0.1788	0.3707	0.2882	0.1623	0.0000	0.0000	0.0000	0.6589
contig_751_pilon_pilon	3028	0.1060	0.3451	0.3996	0.1493	0.0000	0.0000	0.0000	0.7447
contig_47_pilon_pilon	5280850	0.1706	0.3271	0.3319	0.1704	0.0000	0.0000	0.0000	0.6589
contig_35_pilon_pilon	6198390	0.1698	0.3288	0.3325	0.1688	0.0000	0.0000	0.0000	0.6613
contig_473_pilon_pilon	1303	0.1381	0.3906	0.3523	0.1190	0.0000	0.0000	0.0000	0.7429
contig_709_pilon_pilon	7499	0.1520	0.3512	0.3568	0.1399	0.0000	0.0000	0.0000	0.7081
contig_599_pilon_pilon	10428	0.1681	0.3027	0.3564	0.1727	0.0000	0.0000	0.0000	0.6592
contig_878_pilon_pilon	9410	0.1761	0.3608	0.2814	0.1817	0.0000	0.0000	0.0000	0.6422
contig_494_pilon_pilon	7119	0.1607	0.2646	0.4366	0.1381	0.0000	0.0000	0.0000	0.7012
contig_838_pilon_pilon	6818	0.2027	0.2994	0.3040	0.1939	0.0000	0.0000	0.0000	0.6034
contig_535_pilon_pilon	16604	0.1519	0.3637	0.3414	0.1430	0.0000	0.0000	0.0000	0.7051
contig_215_pilon_pilon	2070	0.2039	0.2981	0.3130	0.1850	0.0000	0.0000	0.0000	0.6111
contig_790_pilon_pilon	3747	0.1751	0.3347	0.3347	0.1556	0.0000	0.0000	0.0000	0.6693
contig_13_pilon_pilon	5583269	0.1700	0.3313	0.3288	0.1699	0.0000	0.0000	0.0000	0.6601
contig_785_pilon_pilon	4605	0.1850	0.3281	0.3031	0.1837	0.0000	0.0000	0.0000	0.6313
contig_879_pilon_pilon	9725	0.1785	0.3915	0.2722	0.1578	0.0000	0.0000	0.0000	0.6637
contig_43_pilon_pilon	818056	0.1716	0.3213	0.3325	0.1746	0.0000	0.0000	0.0000	0.6538
contig_868_pilon_pilon	5749	0.1868	0.3294	0.2950	0.1887	0.0000	0.0000	0.0000	0.6245
contig_519_pilon_pilon	32952	0.1706	0.3234	0.3449	0.1611	0.0000	0.0000	0.0000	0.6683
contig_948_pilon_pilon	2912	0.1727	0.3228	0.3177	0.1868	0.0000	0.0000	0.0000	0.6405
contig_489_pilon_pilon	5086	0.1524	0.3669	0.3158	0.1650	0.0000	0.0000	0.0000	0.6827
contig_616_pilon_pilon	4509	0.1894	0.3280	0.2870	0.1956	0.0000	0.0000	0.0000	0.6150
contig_110_pilon_pilon	950910	0.1687	0.3310	0.3328	0.1675	0.0000	0.0000	0.0000	0.6638
contig_193_pilon_pilon	157821	0.1736	0.3348	0.3215	0.1700	0.0000	0.0000	0.0000	0.6564
contig_62_pilon_pilon	1508419	0.1710	0.3267	0.3341	0.1682	0.0000	0.0000	0.0000	0.6608
contig_63_pilon_pilon	1261525	0.1687	0.3306	0.3306	0.1701	0.0000	0.0000	0.0000	0.6612
contig_557_pilon_pilon	5507	0.1879	0.3045	0.2831	0.2244	0.0000	0.0000	0.0000	0.5876
contig_920_pilon_pilon	9881	0.1543	0.3423	0.3227	0.1806	0.0000	0.0000	0.0000	0.6650
contig_876_pilon_pilon	2456	0.1893	0.2956	0.3147	0.2003	0.0000	0.0000	0.0000	0.6103
contig_476_pilon_pilon	2484	0.2065	0.2214	0.4235	0.1486	0.0000	0.0000	0.0000	0.6449
contig_855_pilon_pilon	19145	0.1621	0.3416	0.3237	0.1725	0.0000	0.0000	0.0000	0.6653
contig_274_pilon_pilon	4387	0.1315	0.3508	0.3845	0.1331	0.0000	0.0000	0.0000	0.7354
contig_591_pilon_pilon	2152	0.2244	0.2872	0.3034	0.1849	0.0000	0.0000	0.0000	0.5906
contig_249_pilon_pilon	14994	0.1945	0.3435	0.2997	0.1623	0.0000	0.0000	0.0000	0.6432
contig_587_pilon_pilon	4470	0.1955	0.3362	0.2902	0.1781	0.0000	0.0000	0.0000	0.6264
contig_578_pilon_pilon	21842	0.1547	0.3526	0.3304	0.1623	0.0000	0.0000	0.0000	0.6830
contig_612_pilon_pilon	7835	0.1807	0.3251	0.3052	0.1890	0.0000	0.0000	0.0000	0.6302
contig_597_pilon_pilon	8178	0.1868	0.2943	0.3690	0.1498	0.0000	0.0000	0.0000	0.6634
contig_832_pilon_pilon	10213	0.1705	0.3253	0.3271	0.1771	0.0000	0.0000	0.0000	0.6524
contig_273_pilon_pilon	14530	0.1342	0.3380	0.3953	0.1325	0.0000	0.0000	0.0000	0.7333
contig_523_pilon_pilon	3451	0.1356	0.3625	0.3173	0.1846	0.0000	0.0000	0.0000	0.6798
contig_887_pilon_pilon	5368	0.1936	0.3012	0.3223	0.1829	0.0000	0.0000	0.0000	0.6235
contig_346_pilon_pilon	8473	0.1525	0.3244	0.3143	0.2088	0.0000	0.0000	0.0000	0.6387
contig_40_pilon_pilon	2296620	0.1689	0.3323	0.3289	0.1699	0.0000	0.0000	0.0000	0.6612
contig_480_pilon_pilon	4735	0.1886	0.3347	0.3261	0.1506	0.0000	0.0000	0.0000	0.6608
contig_76_pilon_pilon	1017851	0.1723	0.3239	0.3330	0.1707	0.0000	0.0000	0.0000	0.6570
contig_248_pilon_pilon	2733	0.2034	0.2975	0.2909	0.2082	0.0000	0.0000	0.0000	0.5884
contig_75_pilon_pilon	1597720	0.1712	0.3297	0.3270	0.1720	0.0000	0.0000	0.0000	0.6568
contig_179_pilon_pilon	2917	0.1577	0.3322	0.3449	0.1652	0.0000	0.0000	0.0000	0.6771
contig_514_pilon_pilon	6769	0.2037	0.3040	0.2896	0.2027	0.0000	0.0000	0.0000	0.5936
contig_881_pilon_pilon	2026	0.1856	0.3228	0.2873	0.2043	0.0000	0.0000	0.0000	0.6101
contig_918_pilon_pilon	4528	0.1374	0.3754	0.3068	0.1804	0.0000	0.0000	0.0000	0.6822
contig_693_pilon_pilon	4147	0.1502	0.3443	0.3617	0.1437	0.0000	0.0000	0.0000	0.7061
contig_630_pilon_pilon	6937	0.1642	0.3194	0.3455	0.1708	0.0000	0.0000	0.0000	0.6650
contig_772_pilon_pilon	5905	0.1924	0.3041	0.3167	0.1868	0.0000	0.0000	0.0000	0.6208
contig_491_pilon_pilon	5843	0.2018	0.3087	0.2882	0.2013	0.0000	0.0000	0.0000	0.5970
contig_574_pilon_pilon	6283	0.1830	0.3576	0.2989	0.1604	0.0000	0.0000	0.0000	0.6565
contig_113_pilon_pilon	1516629	0.1690	0.3323	0.3301	0.1686	0.0000	0.0000	0.0000	0.6624
contig_771_pilon_pilon	1726	0.1987	0.3273	0.2955	0.1784	0.0000	0.0000	0.0000	0.6228
contig_674_pilon_pilon	1040	0.2856	0.2404	0.3481	0.1260	0.0000	0.0000	0.0000	0.5885
contig_659_pilon_pilon	2664	0.1550	0.3551	0.3401	0.1498	0.0000	0.0000	0.0000	0.6952
contig_393_pilon_pilon	33002	0.1720	0.3124	0.3374	0.1783	0.0000	0.0000	0.0000	0.6498
contig_820_pilon_pilon	5573	0.1688	0.3093	0.3698	0.1520	0.0000	0.0000	0.0000	0.6792
contig_611_pilon_pilon	1596	0.2393	0.2901	0.2957	0.1748	0.0000	0.0000	0.0000	0.5858
contig_680_pilon_pilon	8083	0.1765	0.2979	0.3476	0.1779	0.0000	0.0000	0.0000	0.6456
contig_883_pilon_pilon	3144	0.1848	0.3060	0.3518	0.1574	0.0000	0.0000	0.0000	0.6578
contig_649_pilon_pilon	8121	0.1638	0.3428	0.3033	0.1901	0.0000	0.0000	0.0000	0.6461
contig_58_pilon_pilon	2520699	0.1694	0.3280	0.3333	0.1693	0.0000	0.0000	0.0000	0.6614
contig_890_pilon_pilon	3615	0.1513	0.3701	0.3071	0.1715	0.0000	0.0000	0.0000	0.6772
contig_943_pilon_pilon	88394	0.1695	0.3237	0.3206	0.1862	0.0000	0.0000	0.0000	0.6443
contig_625_pilon_pilon	4387	0.2118	0.3034	0.2783	0.2065	0.0000	0.0000	0.0000	0.5817
contig_366_pilon_pilon	13923	0.1712	0.3475	0.3155	0.1658	0.0000	0.0000	0.0000	0.6630
contig_69_pilon_pilon	4295788	0.1668	0.3283	0.3381	0.1667	0.0000	0.0000	0.0000	0.6664
contig_914_pilon_pilon	5589	0.1693	0.3185	0.3079	0.2043	0.0000	0.0000	0.0000	0.6264
contig_562_pilon_pilon	8973	0.1546	0.3358	0.3099	0.1997	0.0000	0.0000	0.0000	0.6457
contig_694_pilon_pilon	2712	0.1759	0.3429	0.3083	0.1729	0.0000	0.0000	0.0000	0.6512
contig_822_pilon_pilon	32388	0.1728	0.3232	0.3237	0.1803	0.0000	0.0000	0.0000	0.6469
contig_109_pilon_pilon	2097496	0.1701	0.3303	0.3334	0.1662	0.0000	0.0000	0.0000	0.6637
contig_586_pilon_pilon	5541	0.1561	0.3303	0.3357	0.1779	0.0000	0.0000	0.0000	0.6659
contig_55_pilon_pilon	1746422	0.1726	0.3276	0.3262	0.1736	0.0000	0.0000	0.0000	0.6538
contig_189_pilon_pilon	1478	0.1475	0.3403	0.3281	0.1840	0.0000	0.0000	0.0000	0.6685
contig_125_pilon_pilon	522	0.1475	0.3582	0.2318	0.2625	0.0000	0.0000	0.0000	0.5900
contig_151_pilon_pilon	613	0.1582	0.3752	0.2741	0.1925	0.0000	0.0000	0.0000	0.6493
contig_812_pilon_pilon	2805	0.1825	0.2891	0.3608	0.1676	0.0000	0.0000	0.0000	0.6499
contig_258_pilon_pilon	1496	0.1811	0.2828	0.3396	0.1965	0.0000	0.0000	0.0000	0.6223
contig_150_pilon_pilon	1476	0.1430	0.3760	0.3137	0.1673	0.0000	0.0000	0.0000	0.6897
contig_908_pilon_pilon	3032	0.1817	0.3229	0.3024	0.1929	0.0000	0.0000	0.0000	0.6253
contig_114_pilon_pilon	2197	0.1971	0.3063	0.3191	0.1775	0.0000	0.0000	0.0000	0.6254
contig_418_pilon_pilon	8264	0.1897	0.3329	0.2882	0.1891	0.0000	0.0000	0.0000	0.6211
contig_584_pilon_pilon	1248	0.1931	0.3045	0.3269	0.1755	0.0000	0.0000	0.0000	0.6314
contig_279_pilon_pilon	2034	0.1721	0.2704	0.3692	0.1883	0.0000	0.0000	0.0000	0.6396
contig_787_pilon_pilon	2049	0.2089	0.2953	0.3299	0.1659	0.0000	0.0000	0.0000	0.6252
contig_457_pilon_pilon	1458	0.1749	0.3169	0.3093	0.1989	0.0000	0.0000	0.0000	0.6262
contig_766_pilon_pilon	4619	0.1732	0.2936	0.3397	0.1935	0.0000	0.0000	0.0000	0.6333
contig_140_pilon_pilon	875	0.1920	0.2526	0.4034	0.1520	0.0000	0.0000	0.0000	0.6560
contig_930_pilon_pilon	7590	0.1694	0.3399	0.3036	0.1871	0.0000	0.0000	0.0000	0.6435
contig_744_pilon_pilon	3976	0.1733	0.3483	0.3305	0.1479	0.0000	0.0000	0.0000	0.6788
contig_601_pilon_pilon	2369	0.1781	0.3453	0.3060	0.1705	0.0000	0.0000	0.0000	0.6513
contig_885_pilon_pilon	1479	0.1650	0.3306	0.3158	0.1886	0.0000	0.0000	0.0000	0.6464
contig_767_pilon_pilon	2617	0.1964	0.3091	0.3095	0.1849	0.0000	0.0000	0.0000	0.6186
contig_773_pilon_pilon	2099	0.2363	0.2563	0.3025	0.2049	0.0000	0.0000	0.0000	0.5588
contig_782_pilon_pilon	3296	0.1544	0.3968	0.3016	0.1471	0.0000	0.0000	0.0000	0.6984
contig_580_pilon_pilon	2184	0.1983	0.3233	0.3059	0.1726	0.0000	0.0000	0.0000	0.6291
contig_527_pilon_pilon	2357	0.2202	0.3055	0.3106	0.1638	0.0000	0.0000	0.0000	0.6160
contig_522_pilon_pilon	3039	0.1231	0.3481	0.3343	0.1945	0.0000	0.0000	0.0000	0.6825
contig_917_pilon_pilon	5054	0.1423	0.3797	0.3031	0.1749	0.0000	0.0000	0.0000	0.6828
contig_124_pilon_pilon	2406	0.1268	0.2993	0.3944	0.1796	0.0000	0.0000	0.0000	0.6937
contig_257_pilon_pilon	1994	0.1474	0.3109	0.3370	0.2046	0.0000	0.0000	0.0000	0.6479
contig_102_pilon_pilon	1592	0.1639	0.3329	0.3423	0.1608	0.0000	0.0000	0.0000	0.6753
contig_181_pilon_pilon	1304	0.2048	0.3321	0.2853	0.1779	0.0000	0.0000	0.0000	0.6173
contig_146_pilon_pilon	761	0.1288	0.3758	0.2943	0.2011	0.0000	0.0000	0.0000	0.6702
contig_144_pilon_pilon	1068	0.1657	0.3155	0.3783	0.1404	0.0000	0.0000	0.0000	0.6938
contig_642_pilon_pilon	1030	0.1883	0.3340	0.3107	0.1670	0.0000	0.0000	0.0000	0.6447
contig_796_pilon_pilon	1072	0.1446	0.3424	0.3209	0.1922	0.0000	0.0000	0.0000	0.6632
contig_592_pilon_pilon	1491	0.2508	0.2783	0.2783	0.1925	0.0000	0.0000	0.0000	0.5567
contig_180_pilon_pilon	1392	0.1386	0.3657	0.3341	0.1616	0.0000	0.0000	0.0000	0.6997
contig_798_pilon_pilon	2266	0.1447	0.3389	0.3288	0.1876	0.0000	0.0000	0.0000	0.6677
contig_864_pilon_pilon	7864	0.1975	0.2810	0.3475	0.1740	0.0000	0.0000	0.0000	0.6286
contig_645_pilon_pilon	2513	0.1397	0.3251	0.3331	0.2021	0.0000	0.0000	0.0000	0.6582
contig_549_pilon_pilon	3080	0.1549	0.2633	0.3929	0.1890	0.0000	0.0000	0.0000	0.6562
contig_590_pilon_pilon	2763	0.1911	0.3163	0.2783	0.2143	0.0000	0.0000	0.0000	0.5946
contig_779_pilon_pilon	5455	0.1925	0.2873	0.3168	0.2035	0.0000	0.0000	0.0000	0.6040
contig_302_pilon_pilon	2903	0.1640	0.3789	0.3083	0.1488	0.0000	0.0000	0.0000	0.6872
contig_575_pilon_pilon	1391	0.2265	0.3214	0.2818	0.1704	0.0000	0.0000	0.0000	0.6032
contig_510_pilon_pilon	3466	0.2089	0.3298	0.2833	0.1780	0.0000	0.0000	0.0000	0.6131
contig_871_pilon_pilon	2353	0.1789	0.3034	0.3332	0.1844	0.0000	0.0000	0.0000	0.6366
contig_764_pilon_pilon	2079	0.1712	0.3473	0.3088	0.1727	0.0000	0.0000	0.0000	0.6561
contig_478_pilon_pilon	4367	0.1420	0.3371	0.3478	0.1731	0.0000	0.0000	0.0000	0.6849
contig_426_pilon_pilon	1986	0.1788	0.3343	0.3066	0.1803	0.0000	0.0000	0.0000	0.6410
contig_783_pilon_pilon	3794	0.1497	0.4043	0.2965	0.1494	0.0000	0.0000	0.0000	0.7008
contig_172_pilon_pilon	1683	0.1325	0.3375	0.3280	0.2020	0.0000	0.0000	0.0000	0.6655
contig_546_pilon_pilon	12327	0.1651	0.3328	0.3256	0.1764	0.0000	0.0000	0.0000	0.6585
contig_108_pilon_pilon	2360	0.1962	0.3008	0.3119	0.1911	0.0000	0.0000	0.0000	0.6127
contig_175_pilon_pilon	1015	0.1882	0.2887	0.3310	0.1921	0.0000	0.0000	0.0000	0.6197
contig_370_pilon_pilon	3946	0.1412	0.3740	0.2940	0.1908	0.0000	0.0000	0.0000	0.6680
contig_553_pilon_pilon	3772	0.1392	0.4427	0.2662	0.1519	0.0000	0.0000	0.0000	0.7089
contig_29_pilon_pilon	935	0.2235	0.2727	0.3198	0.1840	0.0000	0.0000	0.0000	0.5925
contig_148_pilon_pilon	733	0.1282	0.3588	0.3506	0.1623	0.0000	0.0000	0.0000	0.7094
contig_669_pilon_pilon	2777	0.1837	0.3183	0.3450	0.1530	0.0000	0.0000	0.0000	0.6633
contig_537_pilon_pilon	2564	0.1447	0.3600	0.3834	0.1119	0.0000	0.0000	0.0000	0.7434
contig_246_pilon_pilon	3837	0.1645	0.3263	0.3388	0.1704	0.0000	0.0000	0.0000	0.6651
contig_923_pilon_pilon	3699	0.1809	0.3074	0.3052	0.2065	0.0000	0.0000	0.0000	0.6126
