#Name	Length	A	C	G	T	N	IUPAC	Other	GC
contig_10	1835987	0.1708	0.3303	0.3288	0.1701	0.0000	0.0000	0.0000	0.6591
contig_101	780	0.1590	0.3487	0.3628	0.1295	0.0000	0.0000	0.0000	0.7115
contig_102	1467	0.1425	0.3579	0.3606	0.1391	0.0000	0.0000	0.0000	0.7185
contig_103	4276	0.1943	0.3454	0.3335	0.1268	0.0000	0.0000	0.0000	0.6789
contig_104	946386	0.1668	0.3326	0.3320	0.1686	0.0000	0.0000	0.0000	0.6645
contig_105	73019	0.1859	0.3242	0.3156	0.1743	0.0000	0.0000	0.0000	0.6398
contig_106	3352409	0.1703	0.3309	0.3299	0.1689	0.0000	0.0000	0.0000	0.6608
contig_107	10429	0.1643	0.3333	0.3414	0.1611	0.0000	0.0000	0.0000	0.6747
contig_108	480739	0.1670	0.3360	0.3325	0.1645	0.0000	0.0000	0.0000	0.6685
contig_11	1596699	0.1701	0.3303	0.3305	0.1691	0.0000	0.0000	0.0000	0.6608
contig_114	1404	0.1852	0.3440	0.2970	0.1738	0.0000	0.0000	0.0000	0.6410
contig_115	891	0.1358	0.3131	0.3704	0.1807	0.0000	0.0000	0.0000	0.6835
contig_116	1467	0.1650	0.2993	0.3442	0.1915	0.0000	0.0000	0.0000	0.6435
contig_117	6447	0.1581	0.3011	0.3450	0.1959	0.0000	0.0000	0.0000	0.6460
contig_118	135528	0.1580	0.3608	0.3117	0.1696	0.0000	0.0000	0.0000	0.6725
contig_119	819566	0.1662	0.3309	0.3342	0.1688	0.0000	0.0000	0.0000	0.6651
contig_12	657710	0.1708	0.3302	0.3294	0.1696	0.0000	0.0000	0.0000	0.6597
contig_120	9119	0.1785	0.3215	0.3111	0.1888	0.0000	0.0000	0.0000	0.6326
contig_121	734889	0.1662	0.3331	0.3325	0.1683	0.0000	0.0000	0.0000	0.6656
contig_122	337104	0.1701	0.3279	0.3337	0.1683	0.0000	0.0000	0.0000	0.6616
contig_123	222307	0.1708	0.3291	0.3252	0.1749	0.0000	0.0000	0.0000	0.6543
contig_125	548	0.0566	0.6259	0.2026	0.1150	0.0000	0.0000	0.0000	0.8285
contig_126	870	0.1448	0.4115	0.2586	0.1851	0.0000	0.0000	0.0000	0.6701
contig_128	1224867	0.1879	0.3195	0.3101	0.1825	0.0000	0.0000	0.0000	0.6296
contig_129	493348	0.1675	0.3344	0.3295	0.1686	0.0000	0.0000	0.0000	0.6639
contig_13	2962606	0.1690	0.3350	0.3269	0.1691	0.0000	0.0000	0.0000	0.6619
contig_134	1135	0.2238	0.3480	0.2714	0.1568	0.0000	0.0000	0.0000	0.6194
contig_137	509718	0.1771	0.3234	0.3255	0.1740	0.0000	0.0000	0.0000	0.6489
contig_138	22627	0.0746	0.4219	0.4275	0.0759	0.0000	0.0000	0.0000	0.8494
contig_139	329946	0.1724	0.3198	0.3319	0.1759	0.0000	0.0000	0.0000	0.6516
contig_14	2194925	0.1719	0.3216	0.3338	0.1727	0.0000	0.0000	0.0000	0.6554
contig_141	3073	0.1842	0.3277	0.2958	0.1923	0.0000	0.0000	0.0000	0.6235
contig_143	526	0.2852	0.2243	0.3707	0.1198	0.0000	0.0000	0.0000	0.5951
contig_147	6248	0.1549	0.3590	0.3367	0.1493	0.0000	0.0000	0.0000	0.6957
contig_148	41290	0.1664	0.3279	0.3335	0.1722	0.0000	0.0000	0.0000	0.6614
contig_149	1170701	0.1649	0.3257	0.3435	0.1659	0.0000	0.0000	0.0000	0.6692
contig_15	34905	0.1744	0.3347	0.3186	0.1723	0.0000	0.0000	0.0000	0.6533
contig_150	1242232	0.1653	0.3314	0.3376	0.1658	0.0000	0.0000	0.0000	0.6690
contig_151	25076	0.1592	0.3431	0.2957	0.2020	0.0000	0.0000	0.0000	0.6387
contig_152	8426	0.1502	0.3338	0.2967	0.2192	0.0000	0.0000	0.0000	0.6305
contig_153	3644	0.1883	0.3532	0.2838	0.1748	0.0000	0.0000	0.0000	0.6369
contig_154	57516	0.1654	0.3279	0.3238	0.1829	0.0000	0.0000	0.0000	0.6517
contig_155	1398	0.1860	0.3119	0.3133	0.1888	0.0000	0.0000	0.0000	0.6252
contig_156	7259	0.1769	0.3080	0.3365	0.1785	0.0000	0.0000	0.0000	0.6446
contig_157	3455	0.1951	0.3004	0.3265	0.1780	0.0000	0.0000	0.0000	0.6269
contig_159	9348	0.1597	0.3034	0.3803	0.1566	0.0000	0.0000	0.0000	0.6837
contig_16	6744998	0.1695	0.3314	0.3307	0.1684	0.0000	0.0000	0.0000	0.6621
contig_160	7663	0.1640	0.3069	0.3689	0.1601	0.0000	0.0000	0.0000	0.6758
contig_161	304037	0.1723	0.3354	0.3234	0.1690	0.0000	0.0000	0.0000	0.6587
contig_162	2425	0.1781	0.3497	0.3072	0.1649	0.0000	0.0000	0.0000	0.6569
contig_163	5136	0.1811	0.2819	0.3096	0.2274	0.0000	0.0000	0.0000	0.5915
contig_166	111358	0.1724	0.3326	0.3251	0.1699	0.0000	0.0000	0.0000	0.6577
contig_167	882712	0.1700	0.3319	0.3308	0.1673	0.0000	0.0000	0.0000	0.6627
contig_168	743554	0.1692	0.3261	0.3353	0.1695	0.0000	0.0000	0.0000	0.6613
contig_17	6972848	0.1699	0.3296	0.3313	0.1691	0.0000	0.0000	0.0000	0.6609
contig_171	1712579	0.1863	0.3142	0.3126	0.1869	0.0000	0.0000	0.0000	0.6268
contig_173	64902	0.1651	0.3378	0.3281	0.1690	0.0000	0.0000	0.0000	0.6659
contig_177	5497	0.2416	0.2374	0.3089	0.2121	0.0000	0.0000	0.0000	0.5463
contig_178	506	0.1759	0.3518	0.2885	0.1838	0.0000	0.0000	0.0000	0.6403
contig_179	5426	0.1027	0.2715	0.5776	0.0483	0.0000	0.0000	0.0000	0.8491
contig_18	3914632	0.1669	0.3303	0.3344	0.1684	0.0000	0.0000	0.0000	0.6647
contig_183	3911	0.1716	0.2859	0.3304	0.2122	0.0000	0.0000	0.0000	0.6162
contig_184	17012	0.1807	0.3113	0.3131	0.1949	0.0000	0.0000	0.0000	0.6244
contig_186	4336	0.1755	0.3280	0.3441	0.1524	0.0000	0.0000	0.0000	0.6720
contig_187	10982	0.1445	0.3406	0.3566	0.1584	0.0000	0.0000	0.0000	0.6971
contig_19	4276	0.1833	0.3475	0.2834	0.1857	0.0000	0.0000	0.0000	0.6310
contig_192	79929	0.1723	0.3300	0.3290	0.1686	0.0000	0.0000	0.0000	0.6590
contig_193	75980	0.0987	0.4583	0.3396	0.1035	0.0000	0.0000	0.0000	0.7978
contig_194	88292	0.1399	0.3298	0.3961	0.1342	0.0000	0.0000	0.0000	0.7259
contig_196	842	0.0843	0.2577	0.5914	0.0665	0.0000	0.0000	0.0000	0.8492
contig_197	4074	0.0820	0.2590	0.5920	0.0670	0.0000	0.0000	0.0000	0.8510
contig_199	8990	0.1618	0.3735	0.2867	0.1780	0.0000	0.0000	0.0000	0.6602
contig_2	2898385	0.1695	0.3324	0.3292	0.1689	0.0000	0.0000	0.0000	0.6616
contig_20	5309	0.1678	0.3617	0.2953	0.1752	0.0000	0.0000	0.0000	0.6570
contig_201	298437	0.1562	0.3390	0.3527	0.1520	0.0000	0.0000	0.0000	0.6918
contig_202	103854	0.1258	0.3624	0.3836	0.1281	0.0000	0.0000	0.0000	0.7461
contig_203	16714	0.1681	0.3428	0.2893	0.1998	0.0000	0.0000	0.0000	0.6321
contig_204	384606	0.1888	0.3275	0.3074	0.1763	0.0000	0.0000	0.0000	0.6349
contig_206	43770	0.1055	0.2041	0.6346	0.0558	0.0000	0.0000	0.0000	0.8387
contig_208	3385	0.1669	0.3539	0.3391	0.1400	0.0000	0.0000	0.0000	0.6931
contig_209	2595	0.1865	0.3272	0.3287	0.1576	0.0000	0.0000	0.0000	0.6559
contig_21	13994	0.1559	0.3674	0.2991	0.1776	0.0000	0.0000	0.0000	0.6666
contig_210	1705	0.1595	0.3402	0.3419	0.1584	0.0000	0.0000	0.0000	0.6821
contig_211	2862	0.1628	0.2446	0.4829	0.1097	0.0000	0.0000	0.0000	0.7275
contig_212	29989	0.1688	0.3306	0.3300	0.1707	0.0000	0.0000	0.0000	0.6605
contig_216	2848	0.1429	0.3869	0.3234	0.1468	0.0000	0.0000	0.0000	0.7103
contig_217	512272	0.1670	0.3397	0.3329	0.1604	0.0000	0.0000	0.0000	0.6726
contig_218	4426131	0.2254	0.2749	0.2756	0.2241	0.0000	0.0000	0.0000	0.5505
contig_219	2212	0.1799	0.3490	0.3088	0.1623	0.0000	0.0000	0.0000	0.6578
contig_220	3898	0.1632	0.3520	0.3258	0.1591	0.0000	0.0000	0.0000	0.6778
contig_222	17214	0.0800	0.6580	0.1684	0.0936	0.0000	0.0000	0.0000	0.8264
contig_225	3037	0.1014	0.3398	0.3994	0.1594	0.0000	0.0000	0.0000	0.7392
contig_228	9964	0.1719	0.3092	0.3519	0.1670	0.0000	0.0000	0.0000	0.6611
contig_229	624	0.1426	0.2917	0.3574	0.2083	0.0000	0.0000	0.0000	0.6490
contig_23	651147	0.1675	0.3322	0.3332	0.1670	0.0000	0.0000	0.0000	0.6655
contig_230	9768	0.1464	0.4036	0.3437	0.1064	0.0000	0.0000	0.0000	0.7472
contig_231	3055	0.1080	0.3421	0.4016	0.1483	0.0000	0.0000	0.0000	0.7437
contig_232	3102	0.1077	0.3420	0.4030	0.1473	0.0000	0.0000	0.0000	0.7450
contig_233	3543	0.1301	0.2046	0.6511	0.0141	0.0000	0.0000	0.0000	0.8558
contig_234	105238	0.3119	0.1869	0.1814	0.3198	0.0000	0.0000	0.0000	0.3683
contig_235	4823	0.2370	0.2766	0.1955	0.2909	0.0000	0.0000	0.0000	0.4721
contig_236	2311	0.1566	0.3388	0.3228	0.1817	0.0000	0.0000	0.0000	0.6616
contig_237	2562	0.2018	0.2213	0.4301	0.1468	0.0000	0.0000	0.0000	0.6514
contig_238	5700	0.1086	0.2607	0.6288	0.0019	0.0000	0.0000	0.0000	0.8895
contig_24	3233735	0.1734	0.3277	0.3266	0.1723	0.0000	0.0000	0.0000	0.6543
contig_245	73065	0.1695	0.3342	0.3298	0.1665	0.0000	0.0000	0.0000	0.6640
contig_247	4882	0.1344	0.3613	0.3441	0.1602	0.0000	0.0000	0.0000	0.7054
contig_25	3752239	0.1687	0.3323	0.3314	0.1675	0.0000	0.0000	0.0000	0.6638
contig_250	31236	0.1801	0.2887	0.3447	0.1865	0.0000	0.0000	0.0000	0.6334
contig_251	8799	0.0289	0.6327	0.2659	0.0725	0.0000	0.0000	0.0000	0.8986
contig_252	8850	0.0287	0.6314	0.2654	0.0745	0.0000	0.0000	0.0000	0.8968
contig_253	6052	0.0491	0.6459	0.2117	0.0934	0.0000	0.0000	0.0000	0.8576
contig_254	19488	0.1631	0.3328	0.3377	0.1663	0.0000	0.0000	0.0000	0.6706
contig_255	117909	0.2245	0.2732	0.2744	0.2279	0.0000	0.0000	0.0000	0.5476
contig_256	3293	0.1807	0.3252	0.3240	0.1701	0.0000	0.0000	0.0000	0.6493
contig_257	997	0.2267	0.3180	0.2668	0.1886	0.0000	0.0000	0.0000	0.5848
contig_258	2170	0.1977	0.2774	0.3152	0.2097	0.0000	0.0000	0.0000	0.5926
contig_259	1727	0.1783	0.3677	0.3086	0.1453	0.0000	0.0000	0.0000	0.6763
contig_26	2159967	0.1710	0.3296	0.3290	0.1703	0.0000	0.0000	0.0000	0.6586
contig_260	13119	0.1872	0.3197	0.3111	0.1820	0.0000	0.0000	0.0000	0.6308
contig_261	3115	0.2138	0.3756	0.3467	0.0639	0.0000	0.0000	0.0000	0.7223
contig_263	2616	0.1009	0.5466	0.2072	0.1453	0.0000	0.0000	0.0000	0.7538
contig_264	21643	0.1764	0.3287	0.3355	0.1594	0.0000	0.0000	0.0000	0.6642
contig_268	38963	0.1812	0.3193	0.3314	0.1681	0.0000	0.0000	0.0000	0.6507
contig_269	82757	0.1707	0.3331	0.3237	0.1725	0.0000	0.0000	0.0000	0.6569
contig_27	3166810	0.1724	0.3295	0.3274	0.1708	0.0000	0.0000	0.0000	0.6569
contig_271	173269	0.2231	0.2722	0.2777	0.2270	0.0000	0.0000	0.0000	0.5499
contig_273	239255	0.2212	0.2656	0.2849	0.2283	0.0000	0.0000	0.0000	0.5504
contig_274	162618	0.2225	0.2787	0.2759	0.2229	0.0000	0.0000	0.0000	0.5546
contig_275	117424	0.2217	0.2753	0.2767	0.2263	0.0000	0.0000	0.0000	0.5520
contig_276	29103	0.3306	0.1352	0.1487	0.3855	0.0000	0.0000	0.0000	0.2839
contig_278	64610	0.2404	0.2618	0.2636	0.2341	0.0000	0.0000	0.0000	0.5254
contig_28	1866097	0.1670	0.3324	0.3318	0.1687	0.0000	0.0000	0.0000	0.6643
contig_29	2994961	0.1680	0.3326	0.3329	0.1665	0.0000	0.0000	0.0000	0.6655
contig_3	7380	0.0921	0.2058	0.6211	0.0809	0.0000	0.0000	0.0000	0.8270
contig_30	422264	0.1678	0.3343	0.3317	0.1661	0.0000	0.0000	0.0000	0.6661
contig_31	1568881	0.1663	0.3347	0.3327	0.1663	0.0000	0.0000	0.0000	0.6674
contig_32	5777812	0.1697	0.3311	0.3297	0.1696	0.0000	0.0000	0.0000	0.6607
contig_33	1013891	0.1664	0.3372	0.3298	0.1667	0.0000	0.0000	0.0000	0.6670
contig_34	1941231	0.1695	0.3301	0.3301	0.1703	0.0000	0.0000	0.0000	0.6602
contig_35	1175558	0.1679	0.3341	0.3326	0.1654	0.0000	0.0000	0.0000	0.6666
contig_36	1865386	0.1697	0.3306	0.3308	0.1688	0.0000	0.0000	0.0000	0.6615
contig_37	1312982	0.1687	0.3323	0.3290	0.1700	0.0000	0.0000	0.0000	0.6613
contig_38	1567118	0.1657	0.3316	0.3380	0.1647	0.0000	0.0000	0.0000	0.6696
contig_4	4022935	0.1705	0.3298	0.3291	0.1706	0.0000	0.0000	0.0000	0.6589
contig_40	3233278	0.1700	0.3255	0.3319	0.1726	0.0000	0.0000	0.0000	0.6574
contig_41	3483534	0.1669	0.3336	0.3329	0.1666	0.0000	0.0000	0.0000	0.6665
contig_42	452322	0.1604	0.3620	0.3152	0.1624	0.0000	0.0000	0.0000	0.6772
contig_43	41104	0.1670	0.3316	0.3332	0.1682	0.0000	0.0000	0.0000	0.6648
contig_44	1477424	0.1691	0.3257	0.3361	0.1691	0.0000	0.0000	0.0000	0.6618
contig_49	775923	0.1646	0.3174	0.3626	0.1554	0.0000	0.0000	0.0000	0.6800
contig_5	5004291	0.1651	0.3426	0.3250	0.1673	0.0000	0.0000	0.0000	0.6676
contig_50	114738	0.1656	0.3371	0.3298	0.1674	0.0000	0.0000	0.0000	0.6670
contig_51	2236	0.2415	0.2773	0.3618	0.1194	0.0000	0.0000	0.0000	0.6391
contig_52	1932222	0.1690	0.3286	0.3349	0.1675	0.0000	0.0000	0.0000	0.6634
contig_53	1863711	0.1684	0.3279	0.3364	0.1672	0.0000	0.0000	0.0000	0.6644
contig_54	254509	0.1655	0.3251	0.3437	0.1657	0.0000	0.0000	0.0000	0.6688
contig_55	578481	0.1744	0.3277	0.3238	0.1741	0.0000	0.0000	0.0000	0.6515
contig_57	239922	0.1661	0.3236	0.3399	0.1704	0.0000	0.0000	0.0000	0.6635
contig_58	1141829	0.1709	0.3278	0.3307	0.1706	0.0000	0.0000	0.0000	0.6586
contig_59	1044787	0.1695	0.3323	0.3286	0.1696	0.0000	0.0000	0.0000	0.6609
contig_6	2049500	0.1676	0.3328	0.3323	0.1673	0.0000	0.0000	0.0000	0.6651
contig_60	328724	0.1693	0.3317	0.3322	0.1669	0.0000	0.0000	0.0000	0.6638
contig_61	540868	0.1640	0.3347	0.3289	0.1724	0.0000	0.0000	0.0000	0.6636
contig_63	251712	0.1812	0.3183	0.3247	0.1759	0.0000	0.0000	0.0000	0.6430
contig_64	4333645	0.2128	0.2858	0.2873	0.2140	0.0000	0.0000	0.0000	0.5732
contig_65	734582	0.1568	0.3660	0.3219	0.1552	0.0000	0.0000	0.0000	0.6880
contig_66	2073040	0.1709	0.3308	0.3293	0.1690	0.0000	0.0000	0.0000	0.6600
contig_67	3498	0.2930	0.2290	0.2053	0.2727	0.0000	0.0000	0.0000	0.4342
contig_68	1625883	0.1701	0.3313	0.3285	0.1701	0.0000	0.0000	0.0000	0.6598
contig_69	2272365	0.1710	0.3328	0.3265	0.1697	0.0000	0.0000	0.0000	0.6593
contig_7	6600499	0.1704	0.3312	0.3284	0.1700	0.0000	0.0000	0.0000	0.6596
contig_70	1129717	0.1647	0.3241	0.3492	0.1620	0.0000	0.0000	0.0000	0.6733
contig_71	3332	0.1227	0.3643	0.3767	0.1363	0.0000	0.0000	0.0000	0.7410
contig_72	5337	0.1439	0.3556	0.3493	0.1512	0.0000	0.0000	0.0000	0.7049
contig_73	4378	0.2163	0.2711	0.3170	0.1955	0.0000	0.0000	0.0000	0.5882
contig_74	1703924	0.1647	0.3393	0.3339	0.1621	0.0000	0.0000	0.0000	0.6731
contig_76	545	0.0771	0.6422	0.2055	0.0752	0.0000	0.0000	0.0000	0.8477
contig_78	2469557	0.1704	0.3305	0.3289	0.1701	0.0000	0.0000	0.0000	0.6594
contig_8	2051003	0.1739	0.3304	0.3237	0.1720	0.0000	0.0000	0.0000	0.6541
contig_82	856	0.0864	0.6472	0.1822	0.0841	0.0000	0.0000	0.0000	0.8294
contig_83	963	0.0768	0.6469	0.1859	0.0903	0.0000	0.0000	0.0000	0.8328
contig_84	763	0.0786	0.6448	0.1940	0.0826	0.0000	0.0000	0.0000	0.8388
contig_85	3138	0.0864	0.6460	0.1880	0.0797	0.0000	0.0000	0.0000	0.8340
contig_87	314593	0.1698	0.3311	0.3304	0.1687	0.0000	0.0000	0.0000	0.6615
contig_88	839237	0.1617	0.3307	0.3491	0.1585	0.0000	0.0000	0.0000	0.6798
contig_89	1606995	0.1592	0.3527	0.3211	0.1670	0.0000	0.0000	0.0000	0.6738
contig_9	2059963	0.1684	0.3284	0.3347	0.1684	0.0000	0.0000	0.0000	0.6632
contig_90	25583	0.1622	0.3240	0.3423	0.1714	0.0000	0.0000	0.0000	0.6663
contig_91	557358	0.1727	0.3283	0.3259	0.1730	0.0000	0.0000	0.0000	0.6542
contig_93	1529	0.1432	0.3342	0.3532	0.1694	0.0000	0.0000	0.0000	0.6874
contig_96	69914	0.1792	0.3284	0.3196	0.1728	0.0000	0.0000	0.0000	0.6481
contig_98	5586	0.1822	0.2913	0.3516	0.1749	0.0000	0.0000	0.0000	0.6429
contig_99	13990	0.1781	0.3509	0.3447	0.1262	0.0000	0.0000	0.0000	0.6956
