#ID	Avg_fold	Length	Ref_GC	Covered_percent	Covered_bases	Plus_reads	Minus_reads	Read_GC	Median_fold	Std_Dev
contig_102	8.3608	1649	0.0000	97.4530	1607	12	13	0.6448	9	4.00
contig_103	6.4468	1605505	0.0000	97.6453	1567700	2718	2825	0.6624	6	4.40
contig_104	1.0948	1266	0.0000	60.3476	764	1	2	0.7683	1	0.94
contig_107	7.0291	822252	0.0000	99.6666	819511	1617	1682	0.6502	6	4.78
contig_108	10.3311	2356	0.0000	100.0000	2356	16	11	0.6171	10	3.09
contig_109	6.7619	2086816	0.0000	99.6234	2078957	3548	3586	0.6591	6	3.38
contig_11	8.7192	1249781	0.0000	99.4546	1242965	2812	2958	0.6551	7	9.63
contig_110	7.2253	951636	0.0000	99.9026	950709	1701	1655	0.6610	7	4.01
contig_111	7.7725	2261390	0.0000	99.4398	2248721	4767	4848	0.6545	6	8.77
contig_112	7.2532	20959	0.0000	95.1334	19939	44	51	0.6899	7	5.12
contig_113	6.6267	1518589	0.0000	99.5699	1512058	2737	2562	0.6574	6	3.98
contig_114	2.1552	2203	0.0000	86.6546	1909	4	6	0.6288	2	1.57
contig_115	0.2452	526	0.0000	24.5247	129	0	1	0.0000	0	0.43
contig_116	4.4009	2542	0.0000	100.0000	2542	14	6	0.7601	4	1.93
contig_118	2.8248	508	0.0000	94.6850	481	4	0	0.0000	3	1.19
contig_121	0.7116	2337	0.0000	29.1827	682	2	2	0.6070	0	1.15
contig_122	1.0843	890	0.0000	71.3483	635	1	2	0.0000	1	0.81
contig_123	2.9746	1025	0.0000	84.9756	871	3	4	0.0000	3	1.62
contig_124	11.1591	2413	0.0000	100.0000	2413	18	10	0.7323	12	4.19
contig_125	0.0000	531	0.0000	0.0000	0	0	0	0.0000	0	0.00
contig_126	0.9628	565	0.0000	85.3097	482	1	1	0.6771	1	0.51
contig_127	1.4593	627	0.0000	77.3525	485	1	3	0.6856	2	1.04
contig_13	6.8128	5577535	0.0000	99.4610	5547472	10215	10163	0.6552	6	5.06
contig_131	0.4396	555	0.0000	43.9640	244	0	1	0.0000	0	0.50
contig_132	2.9095	961	0.0000	90.4266	869	6	3	0.7042	2	2.09
contig_137	0.0000	506	0.0000	0.0000	0	0	0	0.0000	0	0.00
contig_140	1.5687	881	0.0000	88.4222	779	2	3	0.6542	2	0.71
contig_141	0.5653	835	0.0000	56.5269	472	0	2	0.0000	1	0.50
contig_142	1.1056	682	0.0000	88.1232	601	1	1	0.0000	1	0.58
contig_143	1.7452	730	0.0000	83.0137	606	2	2	0.6855	2	1.15
contig_144	3.4953	1070	0.0000	100.0000	1070	3	3	0.0000	3	1.63
contig_145	1.0387	569	0.0000	80.3163	457	1	1	0.0000	1	0.66
contig_146	3.7663	766	0.0000	100.0000	766	2	5	0.6725	4	1.47
contig_147	0.2455	892	0.0000	24.5516	219	0	1	0.0000	0	0.43
contig_148	0.5238	735	0.0000	52.3810	385	2	0	0.7186	1	0.50
contig_149	0.0000	535	0.0000	0.0000	0	0	0	0.0000	0	0.00
contig_150	2.9797	1475	0.0000	83.2542	1228	1	6	0.0000	3	1.80
contig_151	1.7874	621	0.0000	99.3559	617	2	1	0.0000	2	0.43
contig_152	2.9630	1001	0.0000	99.7003	998	1	5	0.7324	3	1.00
contig_153	1.3061	575	0.0000	92.6957	533	1	2	0.6000	1	0.60
contig_154	1.0511	568	0.0000	65.4930	372	1	1	0.0000	1	0.86
contig_157	1.1856	668	0.0000	92.6647	619	2	0	0.0000	1	0.55
contig_158	4.4546	2072	0.0000	100.0000	2072	9	5	0.6793	5	1.34
contig_160	0.6532	718	0.0000	55.8496	401	1	1	0.0000	1	0.64
contig_163	0.0000	515	0.0000	0.0000	0	0	0	0.0000	0	0.00
contig_164	4.4528	996	0.0000	95.2811	949	4	4	0.6119	5	2.04
contig_165	0.5183	492	0.0000	51.8293	255	1	0	0.0000	1	0.50
contig_167	3.6256	5006	0.0000	98.1822	4915	7	10	0.6450	4	1.82
contig_168	1.7475	3113	0.0000	72.9200	2270	5	6	0.6278	1	1.78
contig_169	0.9590	3048	0.0000	74.3438	2266	1	4	0.7115	1	0.74
contig_17	0.0000	955	0.0000	0.0000	0	0	0	0.0000	0	0.00
contig_171	1.5609	845	0.0000	99.1716	838	3	0	0.0000	1	0.77
contig_172	1.7166	1676	0.0000	68.5561	1149	1	5	0.6919	1	1.65
contig_173	0.8870	1000	0.0000	45.7000	457	3	1	0.0000	0	1.02
contig_174	2.5933	927	0.0000	96.9795	899	4	2	0.0000	3	1.17
contig_175	5.7396	1321	0.0000	99.9243	1320	5	7	0.0000	6	1.68
contig_176	1.2803	3571	0.0000	99.4399	3551	3	2	0.6187	1	0.46
contig_177	1.3199	994	0.0000	98.7928	982	1	2	0.6354	1	0.49
contig_178	7.8103	236583	0.0000	99.8102	236134	468	476	0.6633	7	4.30
contig_179	2.9516	2994	0.0000	100.0000	2994	7	10	0.6387	3	1.66
contig_18	0.0000	577	0.0000	0.0000	0	0	0	0.0000	0	0.00
contig_180	1.8263	1405	0.0000	100.0000	1405	4	2	0.0000	2	0.47
contig_181	9.0263	1330	0.0000	99.7744	1327	7	10	0.6471	10	3.55
contig_182	8.9257	2114	0.0000	100.0000	2114	15	9	0.6245	10	3.17
contig_183	8.7059	934330	0.0000	99.6412	930978	2012	2147	0.6479	7	8.59
contig_184	5.9282	204156	0.0000	99.6561	203454	364	363	0.6421	6	2.64
contig_185	7.2770	552855	0.0000	99.8325	551929	1067	1030	0.6535	7	3.70
contig_187	2.5112	8246	0.0000	54.7902	4518	14	21	0.6570	1	3.47
contig_189	5.2912	1652	0.0000	96.5496	1595	6	7	0.6533	4	3.13
contig_19	11.5673	2517	0.0000	100.0000	2517	16	14	0.7222	10	3.66
contig_190	6.2086	254447	0.0000	99.4034	252929	402	416	0.6634	6	2.87
contig_191	21.2641	10768	0.0000	100.0000	10768	59	68	0.6626	22	6.45
contig_192	6.0396	5959	0.0000	98.5400	5872	16	15	0.6769	6	2.18
contig_193	7.4098	157960	0.0000	100.0000	157960	293	273	0.6554	7	3.41
contig_194	1.0760	2709	0.0000	77.2979	2094	1	4	0.6675	1	0.72
contig_196	3.8890	7688	0.0000	86.0562	6616	17	13	0.6709	2	3.44
contig_197	0.5111	466728	0.0000	36.6464	171039	47	71	0.6588	0	1.14
contig_199	5.0391	6449	0.0000	100.0000	6449	21	23	0.6826	5	1.51
contig_20	0.0000	793	0.0000	0.0000	0	0	0	0.0000	0	0.00
contig_201	4.1512	19822	0.0000	99.9899	19820	44	34	0.6571	3	3.07
contig_202	3.4306	15329	0.0000	100.0000	15329	16	17	0.6465	3	2.02
contig_205	11.4253	30415	0.0000	100.0000	30415	86	74	0.6530	11	3.99
contig_21	0.9071	786	0.0000	68.5751	539	3	0	0.0000	1	0.73
contig_212	4.0088	2508	0.0000	98.5247	2471	8	11	0.6135	4	2.09
contig_214	0.8230	644	0.0000	54.8137	353	0	2	0.0000	1	0.83
contig_215	8.4770	2329	0.0000	94.5470	2202	18	13	0.5829	9	3.59
contig_216	8.1706	72223	0.0000	99.9474	72185	154	209	0.6585	7	4.83
contig_218	15.2865	904	0.0000	97.4558	881	0	23	0.7942	16	5.15
contig_219	0.8038	780	0.0000	80.3846	627	1	0	0.0000	1	0.40
contig_22	2.4248	1304	0.0000	85.8129	1119	3	3	0.0000	2	1.80
contig_225	8.1360	8630	0.0000	100.0000	8630	24	18	0.6676	6	4.14
contig_226	3.9818	5890	0.0000	88.1154	5190	9	9	0.4264	4	2.50
contig_227	11.4851	297779	0.0000	100.0000	297779	1303	1359	0.4204	11	3.42
contig_228	0.0000	621	0.0000	0.0000	0	0	0	0.0000	0	0.00
contig_23	4.1612	726	0.0000	100.0000	726	3	4	0.0000	4	1.26
contig_234	0.5061	652	0.0000	50.6135	330	0	1	0.5976	1	0.50
contig_235	5.2846	6227	0.0000	93.7530	5838	26	18	0.6255	4	3.83
contig_236	2.4426	21625	0.0000	69.8775	15111	38	31	0.6508	2	2.65
contig_238	4.3980	4339031	0.0000	98.3653	4268101	8556	8388	0.4062	4	2.22
contig_24	0.5483	507	0.0000	54.8323	278	1	0	0.0000	1	0.50
contig_242	2.2922	1790	0.0000	90.2235	1615	4	3	0.7507	2	1.50
contig_243	21.4246	26840	0.0000	100.0000	26840	155	114	0.7873	24	8.33
contig_244	4.1498	1689	0.0000	100.0000	1689	5	4	0.7928	4	1.67
contig_245	3.3868	861	0.0000	98.0256	844	3	3	0.7071	3	1.50
contig_246	3.5458	3855	0.0000	100.0000	3855	6	5	0.6593	4	1.26
contig_248	1.8100	2716	0.0000	92.0471	2500	7	0	0.6075	2	0.98
contig_249	2.0032	15455	0.0000	52.1255	8056	16	24	0.6338	1	3.09
contig_253	0.0000	36	0.0000	0.0000	0	0	0	0.0000	0	0.00
contig_257	0.6618	1999	0.0000	56.7784	1135	0	4	0.0000	1	0.64
contig_258	7.3376	1499	0.0000	95.7305	1435	9	8	0.0000	8	3.47
contig_260	1.3084	963	0.0000	91.7965	884	3	1	0.0000	1	0.62
contig_263	0.0000	480	0.0000	0.0000	0	0	0	0.0000	0	0.00
contig_264	4.6302	1790	0.0000	91.8436	1644	6	8	0.6686	5	2.04
contig_265	6.6299	319211	0.0000	99.6166	317987	525	511	0.6526	6	3.56
contig_266	3.2159	6175	0.0000	98.2672	6068	9	14	0.5711	3	1.16
contig_267	5.8997	6029	0.0000	100.0000	6029	16	13	0.6649	6	2.66
contig_268	1.4910	222	0.0000	100.0000	222	0	2	0.7978	1	0.51
contig_27	0.0000	616	0.0000	0.0000	0	0	0	0.0000	0	0.00
contig_273	10.5767	15695	0.0000	100.0000	15695	43	35	0.7198	10	3.78
contig_274	2.7654	4492	0.0000	85.9973	3863	4	7	0.7334	3	1.48
contig_275	0.0000	821	0.0000	0.0000	0	0	0	0.0000	0	0.00
contig_279	3.2421	2053	0.0000	99.9513	2052	5	9	0.6340	2	2.28
contig_28	0.0000	47	0.0000	0.0000	0	0	0	0.0000	0	0.00
contig_285	0.9832	4757	0.0000	53.3109	2536	3	0	0.0000	1	1.03
contig_288	0.3899	497970	0.0000	31.5495	157107	48	59	0.6580	0	0.75
contig_29	2.9861	935	0.0000	99.8930	934	4	3	0.0000	3	0.91
contig_290	0.5399	1415	0.0000	53.9929	764	1	1	0.8388	1	0.50
contig_291	0.5888	698	0.0000	58.8825	411	1	0	0.0000	1	0.49
contig_293	1.7618	676	0.0000	99.8521	675	0	3	0.0000	2	0.43
contig_296	7.4372	13342	0.0000	96.9420	12934	44	43	0.5527	7	3.42
contig_298	12.2528	1479916	0.0000	100.0000	1479916	7029	7214	0.4250	12	3.57
contig_299	11.7546	140080	0.0000	100.0000	140080	648	625	0.4144	12	3.38
contig_3	9.3691	995629	0.0000	99.6775	992418	2326	2496	0.6565	6	12.05
contig_300	0.6261	888	0.0000	62.6126	556	1	0	0.6393	1	0.48
contig_301	0.6484	566	0.0000	64.8410	367	1	0	0.6748	1	0.48
contig_302	3.2407	2888	0.0000	98.2341	2837	7	4	0.6662	3	1.67
contig_308	40.4246	4677	0.0000	100.0000	4677	86	83	0.4889	41	12.05
contig_309	52.1824	105245	0.0000	100.0000	105245	1275	1311	0.3809	51	8.25
contig_31	0.0000	42	0.0000	0.0000	0	0	0	0.0000	0	0.00
contig_310	0.5990	788	0.0000	59.8985	472	1	0	0.6364	1	0.49
contig_312	0.8372	3544	0.0000	54.2607	1923	2	4	0.5959	1	0.87
contig_313	1.8977	1036	0.0000	100.0000	1036	2	3	0.6233	2	0.96
contig_314	5.1225	2507	0.0000	99.8803	2504	7	9	0.6665	5	1.49
contig_315	0.6187	7598	0.0000	51.0792	3881	4	5	0.6582	1	0.69
contig_316	15.0545	2313	0.0000	100.0000	2313	19	22	0.6821	17	6.80
contig_318	2.1939	624	0.0000	93.4295	583	1	2	0.5621	2	0.94
contig_319	1.9598	523	0.0000	95.7935	501	1	2	0.7016	2	0.82
contig_32	7.8109	5022998	0.0000	99.7690	5011393	10045	9976	0.6601	6	8.50
contig_325	0.2877	702	0.0000	28.7749	202	0	1	0.6777	0	0.45
contig_33	6.6001	5352508	0.0000	99.7092	5336945	9118	9235	0.6562	6	3.51
contig_330	12.8281	15670	0.0000	99.9234	15658	77	55	0.7115	11	5.81
contig_336	0.5892	701	0.0000	58.9158	413	2	0	0.0000	1	0.49
contig_337	3.6338	6892	0.0000	91.7586	6324	19	16	0.6674	3	2.84
contig_338	0.0000	856	0.0000	0.0000	0	0	0	0.0000	0	0.00
contig_339	2.8687	2049	0.0000	98.2430	2013	7	6	0.7085	3	1.14
contig_340	2.0382	1230	0.0000	100.0000	1230	4	0	0.6215	2	0.37
contig_341	3.0406	985	0.0000	99.7970	983	3	3	0.8352	2	1.37
contig_342	3.2749	2157	0.0000	84.5619	1824	8	4	0.7516	4	2.36
contig_344	3.8127	4763	0.0000	80.9154	3854	10	17	0.0000	1	4.59
contig_345	2.3717	5704	0.0000	82.1879	4688	4	8	0.6287	2	1.67
contig_346	2.1900	8520	0.0000	83.5798	7121	15	18	0.6389	1	2.17
contig_347	3.1873	3081	0.0000	98.7017	3041	3	5	0.6608	3	1.05
contig_348	1.7512	4335614	0.0000	80.1039	3472998	2451	2570	0.5532	2	1.44
contig_35	9.0570	6197801	0.0000	99.7444	6181957	13645	13548	0.6223	6	86.54
contig_350	1.5005	10747	0.0000	90.2764	9702	6	8	0.8358	2	0.79
contig_352	0.4217	517	0.0000	42.1663	218	1	0	0.0000	0	0.49
contig_354	5.5586	2968	0.0000	96.0916	2852	6	13	0.6605	6	2.50
contig_355	14.7006	12503	0.0000	99.9760	12500	81	83	0.8033	14	10.33
contig_357	1.0653	6462	0.0000	64.7013	4181	7	4	0.6976	1	0.90
contig_358	6.5020	230790	0.0000	99.9948	230778	363	380	0.6555	6	2.85
contig_36	6.9079	7315391	0.0000	99.6680	7291105	13201	13285	0.6566	6	4.05
contig_362	1.1998	1011	0.0000	75.8655	767	3	1	0.0000	1	0.80
contig_363	0.2538	156010	0.0000	18.1713	28349	14	9	0.6557	0	0.63
contig_364	1.9007	2196	0.0000	82.3770	1809	3	2	0.7109	1	1.49
contig_366	2.3789	13958	0.0000	90.7723	12670	18	16	0.6500	1	2.18
contig_37	6.8997	2793117	0.0000	99.4980	2779096	5129	5230	0.6540	6	4.69
contig_370	3.1587	3952	0.0000	87.9049	3474	10	8	0.6406	2	3.49
contig_372	1.4948	33141	0.0000	42.0506	13936	29	33	0.6424	0	2.24
contig_373	3.5144	972	0.0000	100.0000	972	2	6	0.0000	3	1.71
contig_376	0.0000	769	0.0000	0.0000	0	0	0	0.0000	0	0.00
contig_377	1.2421	504	0.0000	86.5079	436	1	1	0.0000	1	0.67
contig_378	1.8194	936	0.0000	98.6111	923	1	3	0.0000	2	0.77
contig_379	1.2045	1032	0.0000	57.1705	590	3	3	0.0000	1	1.34
contig_38	6.9510	6524150	0.0000	99.4620	6489049	11558	11887	0.6559	6	5.02
contig_383	0.0000	667	0.0000	0.0000	0	0	0	0.0000	0	0.00
contig_386	0.0891	898	0.0000	8.9087	80	1	0	0.5750	0	0.28
contig_389	0.5788	565	0.0000	40.1770	227	0	2	0.0000	0	0.77
contig_39	9.0550	82558	0.0000	100.0000	82558	229	221	0.6537	8	4.23
contig_390	5.5646	1888	0.0000	99.8941	1886	6	11	0.0000	5	2.59
contig_391	2.4205	918	0.0000	97.3856	894	4	1	0.7233	2	1.23
contig_393	10.2151	33116	0.0000	100.0000	33116	105	101	0.6573	9	7.77
contig_4	48.4761	41527	0.0000	100.0000	41527	611	539	0.6565	53	17.07
contig_40	7.6679	2293614	0.0000	99.7294	2287408	4656	4893	0.6557	6	5.97
contig_401	1.3046	673	0.0000	92.4220	622	1	2	0.0000	1	0.60
contig_404	6.5609	5748	0.0000	93.0759	5350	27	30	0.6451	6	4.20
contig_405	0.4678	699	0.0000	46.7811	327	0	1	0.0000	0	0.50
contig_406	0.5802	505	0.0000	58.0198	293	0	1	0.7485	1	0.49
contig_407	0.6497	725	0.0000	52.8276	383	1	1	0.0000	1	0.69
contig_408	1.1822	538	0.0000	67.2862	362	1	1	0.0000	2	0.90
contig_409	3.2878	542	0.0000	99.6310	540	5	0	0.0000	3	1.59
contig_41	6.0561	1438267	0.0000	99.5184	1431341	2543	2433	0.6574	6	3.40
contig_413	5.3202	8803	0.0000	100.0000	8803	26	17	0.6331	5	1.84
contig_414	12.5527	2810	0.0000	100.0000	2810	20	16	0.6226	12	4.31
contig_415	0.7939	660	0.0000	53.6364	354	1	1	0.5287	1	0.82
contig_416	1.1947	11482	0.0000	55.8788	6416	14	11	0.6665	1	1.39
contig_417	2.0321	1650	0.0000	99.6970	1645	5	4	0.5871	2	0.96
contig_418	2.0780	8582	0.0000	79.7833	6847	16	24	0.6078	2	1.81
contig_42	7.1378	3017895	0.0000	99.8719	3014029	5778	5972	0.6553	6	4.35
contig_420	7.0800	8242	0.0000	99.9879	8241	26	24	0.6334	6	2.46
contig_421	2.2453	6481	0.0000	83.6599	5422	11	9	0.6489	2	1.67
contig_422	8.2896	6699	0.0000	100.0000	6699	21	14	0.6277	8	3.66
contig_426	3.9106	2104	0.0000	96.1977	2024	7	5	0.6341	3	1.68
contig_427	1.1624	2402	0.0000	89.5504	2151	2	1	0.0000	1	0.68
contig_428	6.4561	32589	0.0000	99.5459	32441	46	50	0.6567	6	4.05
contig_429	5.3602	39254	0.0000	83.3495	32718	47	49	0.6390	5	4.44
contig_43	7.3458	820067	0.0000	99.7550	818058	1695	1763	0.6488	6	4.53
contig_430	2.0000	680	0.0000	100.0000	680	0	2	0.5109	2	0.08
contig_434	1.2947	1225	0.0000	84.6531	1037	0	3	0.0000	1	0.72
contig_435	11.0802	54855	0.0000	99.1286	54377	222	198	0.6483	7	8.48
contig_439	4.9587	6219	0.0000	83.6951	5205	15	20	0.5470	6	2.93
contig_44	6.9644	3384456	0.0000	99.5387	3368842	6340	6391	0.6534	6	3.96
contig_442	1.7175	924	0.0000	92.7489	857	4	1	0.0000	1	1.20
contig_443	6.1849	2185	0.0000	100.0000	2185	11	10	0.6977	7	2.43
contig_444	4.2560	793	0.0000	81.9672	650	7	3	0.6900	3	3.23
contig_445	0.0000	524	0.0000	0.0000	0	0	0	0.0000	0	0.00
contig_446	0.0000	529	0.0000	0.0000	0	0	0	0.0000	0	0.00
contig_45	7.2152	3433961	0.0000	99.6500	3421943	6404	6303	0.6592	6	5.23
contig_450	0.0000	738	0.0000	0.0000	0	0	0	0.0000	0	0.00
contig_452	0.6497	571	0.0000	64.9737	371	1	0	0.0000	1	0.48
contig_456	2.4078	944	0.0000	93.7500	885	4	2	0.0000	3	1.22
contig_457	2.8491	1465	0.0000	100.0000	1465	4	5	0.0000	3	1.41
contig_458	0.4780	500	0.0000	47.8000	239	1	0	0.0000	0	0.50
contig_46	7.9178	1296501	0.0000	99.8934	1295119	2892	2860	0.6522	7	6.01
contig_462	0.3717	791	0.0000	37.1681	294	0	1	0.0000	0	0.48
contig_463	0.0000	802	0.0000	0.0000	0	0	0	0.0000	0	0.00
contig_47	7.0287	5271226	0.0000	99.6235	5251380	9800	9842	0.6536	6	4.54
contig_471	0.3883	618	0.0000	38.8350	240	1	0	0.0000	0	0.49
contig_472	1.6446	799	0.0000	72.9662	583	1	2	0.0000	2	1.20
contig_473	1.6550	1316	0.0000	91.3374	1202	4	1	0.0000	2	0.96
contig_474	0.5256	683	0.0000	52.5622	359	1	0	0.0000	1	0.50
contig_476	11.5694	2557	0.0000	97.5362	2494	22	13	0.6556	13	5.44
contig_477	5.9983	8312	0.0000	89.0520	7402	22	25	0.6453	7	3.50
contig_478	2.9229	4371	0.0000	99.9542	4369	8	7	0.6828	3	1.46
contig_479	5.7500	2428	0.0000	91.7216	2227	13	9	0.6822	5	2.82
contig_48	7.6013	1271447	0.0000	99.6835	1267423	2660	2644	0.6492	7	5.08
contig_480	5.1547	5248	0.0000	100.0000	5248	16	19	0.6614	5	1.70
contig_481	4.9856	14882	0.0000	89.0942	13259	37	35	0.6675	2	6.53
contig_483	8.0869	9725	0.0000	99.8766	9713	26	32	0.6683	9	3.26
contig_484	5.9526	12255	0.0000	97.1032	11900	36	27	0.6452	3	5.30
contig_485	4.3697	18401	0.0000	98.5164	18128	13	28	0.8316	4	2.23
contig_486	3.0951	25231	0.0000	91.5937	23110	9	30	0.8059	3	1.83
contig_487	1.0659	7176	0.0000	34.2670	2459	7	9	0.6626	0	2.14
contig_488	3.8829	4391	0.0000	90.0023	3952	15	15	0.6428	4	2.59
contig_489	5.6064	5226	0.0000	99.9426	5223	2	19	0.6757	6	2.11
contig_49	6.7911	1479108	0.0000	99.6730	1474272	2719	2828	0.6464	6	3.89
contig_490	4.9589	4449	0.0000	99.3482	4420	12	6	0.6149	5	2.51
contig_491	12.3238	5951	0.0000	100.0000	5951	36	23	0.6204	13	4.59
contig_492	9.4474	2242	0.0000	99.8662	2239	17	18	0.5364	10	3.50
contig_493	1.3959	826	0.0000	85.3511	705	2	3	0.5352	1	0.96
contig_494	3.4818	7123	0.0000	95.5637	6807	12	6	0.7413	4	1.71
contig_495	9.3571	12039	0.0000	99.9751	12036	31	35	0.6475	11	3.57
contig_496	2.2135	2839	0.0000	76.3649	2168	10	2	0.5910	2	1.63
contig_497	1.7543	1612	0.0000	97.2705	1568	2	1	0.6054	2	0.74
contig_498	1.4139	476	0.0000	81.5126	388	1	1	0.6223	2	0.78
contig_499	17.8306	10532	0.0000	100.0000	10532	53	54	0.6813	19	6.08
contig_50	6.8869	2564135	0.0000	99.7615	2558020	4708	4688	0.6558	6	4.24
contig_500	3.3557	2238	0.0000	98.7936	2211	6	3	0.7293	3	1.83
contig_501	1.7237	2056	0.0000	58.3658	1200	4	3	0.0000	1	1.82
contig_502	0.1177	2786	0.0000	11.7732	328	0	1	0.0000	0	0.32
contig_503	0.0000	895	0.0000	0.0000	0	0	0	0.0000	0	0.00
contig_504	5.4797	2433	0.0000	100.0000	2433	11	10	0.6656	5	1.83
contig_505	7.0721	4093	0.0000	100.0000	4093	4	15	0.6432	7	2.04
contig_506	0.9969	3525	0.0000	99.6879	3514	1	0	0.6764	1	0.06
contig_507	1.3521	2687	0.0000	53.1448	1428	4	3	0.7434	1	1.54
contig_508	2.7805	3690705	0.0000	93.1181	3436713	2440	2493	0.5920	3	1.73
contig_509	0.5906	3892674	0.0000	42.0813	1638087	400	399	0.4191	0	0.81
contig_51	7.2198	2616877	0.0000	99.8165	2612076	4907	4859	0.6575	6	4.99
contig_510	1.2927	3427	0.0000	51.9405	1780	9	3	0.0000	1	1.81
contig_512	8.8909	13698	0.0000	86.3192	11824	38	48	0.7111	10	5.04
contig_514	4.6861	6758	0.0000	100.0000	6758	13	12	0.6043	5	1.38
contig_517	0.9561	1163	0.0000	95.6148	1112	1	0	0.0000	1	0.21
contig_519	6.3054	33945	0.0000	100.0000	33945	62	53	0.6689	6	2.11
contig_52	7.5388	5217313	0.0000	99.6228	5197633	10001	9909	0.6593	6	6.61
contig_520	1.7433	4117	0.0000	63.8329	2628	3	3	0.6261	2	1.54
contig_521	5.8159	8076	0.0000	99.0342	7998	8	20	0.6242	6	1.68
contig_522	0.2536	3158	0.0000	13.1096	414	1	1	0.0000	0	0.66
contig_523	0.5286	3500	0.0000	41.8000	1463	1	2	0.0000	0	0.69
contig_524	1.5091	1432	0.0000	84.2179	1206	1	2	0.0000	2	0.80
contig_525	1.2727	1830	0.0000	74.9727	1372	1	2	0.7525	1	0.87
contig_526	4.6409	7649	0.0000	99.9869	7648	17	14	0.6507	4	2.23
contig_527	2.7340	2523	0.0000	73.4839	1854	4	6	0.0000	3	2.29
contig_529	10.5738	2013	0.0000	100.0000	2013	14	9	0.6442	11	2.41
contig_53	6.8573	2100153	0.0000	99.2652	2084722	3971	3932	0.6588	6	4.72
contig_530	1.5823	565	0.0000	78.4071	443	3	0	0.0000	2	0.87
contig_533	1.6236	20386	0.0000	53.3798	10882	32	24	0.6567	1	2.15
contig_534	15.5152	14853	0.0000	98.0879	14569	55	48	0.7954	12	9.96
contig_535	14.4721	17039	0.0000	100.0000	17039	71	56	0.6783	15	4.57
contig_536	0.0000	546	0.0000	0.0000	0	0	0	0.0000	0	0.00
contig_537	2.1004	2629	0.0000	87.4477	2299	3	2	0.7076	2	1.01
contig_538	0.0000	1053	0.0000	0.0000	0	0	0	0.0000	0	0.00
contig_539	5.2103	5516	0.0000	99.8006	5505	15	9	0.6874	6	2.82
contig_54	6.2440	359959	0.0000	98.9102	356036	616	627	0.6541	6	3.31
contig_540	3.9157	5886	0.0000	81.6684	4807	10	9	0.6893	4	2.59
contig_543	2.2789	2696	0.0000	85.9792	2318	3	9	0.6905	2	1.45
contig_545	7.0864	11189	0.0000	100.0000	11189	17	17	0.6568	7	1.26
contig_546	0.9041	12393	0.0000	31.3241	3882	12	9	0.7160	0	2.04
contig_547	1.5360	4218	0.0000	93.3144	3936	2	3	0.6485	1	0.77
contig_548	1.5486	4023	0.0000	94.4569	3800	2	3	0.0000	1	0.76
contig_549	1.4921	3101	0.0000	99.7743	3094	2	2	0.6333	1	0.88
contig_55	7.6813	1741768	0.0000	99.9206	1740385	3723	3756	0.6505	7	4.82
contig_551	5.7165	5841	0.0000	100.0000	5841	14	18	0.6507	5	3.77
contig_552	2.6424	2766	0.0000	70.4628	1949	7	8	0.6904	2	2.60
contig_553	2.3058	3882	0.0000	94.9253	3685	4	7	0.7952	2	0.96
contig_554	2.1684	5118	0.0000	95.1544	4870	4	9	0.6351	2	0.96
contig_555	0.7522	1578	0.0000	59.9493	946	1	1	0.0000	1	0.70
contig_556	0.2149	1140	0.0000	21.4912	245	1	0	0.0000	0	0.41
contig_557	5.8065	5505	0.0000	100.0000	5505	14	8	0.6068	6	0.82
contig_558	1.5715	4226	0.0000	94.5575	3996	4	7	0.5833	2	0.76
contig_559	3.4363	1765	0.0000	100.0000	1765	5	3	0.6539	2	1.58
contig_56	7.6991	913864	0.0000	99.8212	912230	1876	1915	0.6638	7	4.45
contig_560	2.3507	3382	0.0000	93.9385	3177	8	7	0.6437	2	1.27
contig_561	6.3708	13865	0.0000	99.8846	13849	34	28	0.6525	6	3.26
contig_562	3.0304	9327	0.0000	99.5711	9287	13	15	0.6598	3	1.61
contig_563	2.1590	5486	0.0000	74.9362	4111	8	9	0.7020	2	2.26
contig_564	1.7393	5210	0.0000	56.6603	2952	8	9	0.6153	1	2.06
contig_567	4.1882	4145	0.0000	93.9686	3895	6	9	0.6781	5	1.83
contig_568	5.6906	3310	0.0000	100.0000	3310	7	6	0.6653	6	1.22
contig_569	6.7393	12320	0.0000	96.6396	11906	28	13	0.6814	7	2.41
contig_57	7.3087	3436699	0.0000	99.5662	3421792	6585	6632	0.6553	6	5.22
contig_570	5.7910	11555	0.0000	96.5383	11155	25	13	0.6775	6	1.78
contig_573	2.8898	4100	0.0000	96.5854	3960	5	5	0.6436	3	0.89
contig_574	1.6742	6320	0.0000	87.9589	5559	6	6	0.6651	2	1.07
contig_575	1.9311	1394	0.0000	76.7575	1070	1	3	0.6249	2	1.18
contig_576	5.1726	3141	0.0000	100.0000	3141	9	10	0.6473	5	1.52
contig_577	10.0107	35077	0.0000	100.0000	35077	110	94	0.6657	9	3.53
contig_578	8.2696	21764	0.0000	100.0000	21764	35	59	0.6771	9	2.97
contig_579	8.6912	3446	0.0000	98.7232	3402	13	12	0.6721	10	3.66
contig_58	7.0869	2515571	0.0000	99.8248	2511163	5005	5006	0.6564	6	4.21
contig_580	1.5930	2187	0.0000	79.1495	1731	2	4	0.6446	2	1.10
contig_581	2.5805	3101	0.0000	85.9723	2666	3	5	0.6375	2	1.68
contig_582	0.5454	970	0.0000	40.4124	392	3	0	0.4915	0	0.73
contig_583	0.1962	1147	0.0000	19.6164	225	1	0	0.0000	0	0.40
contig_584	1.6542	1394	0.0000	70.0143	976	5	2	0.0000	2	1.26
contig_585	5.3087	1383	0.0000	100.0000	1383	5	7	0.6220	6	1.73
contig_586	2.9978	5522	0.0000	95.7081	5285	9	6	0.6624	3	1.54
contig_587	7.6195	4462	0.0000	100.0000	4462	17	16	0.6214	8	1.78
contig_588	2.7586	1301	0.0000	83.1668	1082	4	3	0.0000	3	1.62
contig_59	6.8108	2713579	0.0000	99.7232	2706068	4707	5185	0.6641	6	4.54
contig_590	0.8752	2796	0.0000	67.6323	1891	2	1	0.5683	1	0.84
contig_591	2.1807	2402	0.0000	88.7594	2132	6	7	0.5641	2	1.26
contig_592	1.1779	1692	0.0000	59.8700	1013	2	3	0.5333	1	1.09
contig_593	1.1205	4232	0.0000	60.5624	2563	4	6	0.5993	1	1.02
contig_594	4.2873	4267	0.0000	97.7033	4169	13	8	0.6190	4	2.09
contig_595	0.9127	607	0.0000	91.2685	554	0	1	0.0000	1	0.28
contig_596	9.8612	32758	0.0000	100.0000	32758	74	80	0.6602	10	3.28
contig_597	4.3961	8227	0.0000	98.4685	8101	17	15	0.6705	5	2.12
contig_598	5.7315	12836	0.0000	97.8342	12558	21	22	0.6434	6	2.31
contig_599	8.0311	10421	0.0000	100.0000	10421	24	33	0.6456	8	3.00
contig_60	7.2022	7837603	0.0000	99.6812	7812616	14613	14094	0.6561	6	5.21
contig_600	3.1757	6426	0.0000	95.5960	6143	7	10	0.6695	3	1.89
contig_601	4.2729	2433	0.0000	97.3284	2368	11	4	0.6220	4	2.08
contig_602	9.7639	7951	0.0000	100.0000	7951	21	20	0.6216	9	1.93
contig_603	12.3805	918036	0.0000	100.0000	918036	4487	4436	0.4258	12	3.55
contig_609	0.8550	3048	0.0000	59.6129	1817	3	1	0.6772	1	0.80
contig_61	8.4848	513055	0.0000	100.0000	513055	1131	1156	0.6497	7	5.22
contig_611	1.2520	1762	0.0000	65.4370	1153	1	4	0.5539	2	1.03
contig_612	8.5717	8059	0.0000	90.9542	7330	32	27	0.6213	10	5.39
contig_614	6.0413	2371	0.0000	95.9933	2276	19	1	0.6282	5	4.02
contig_616	3.4784	4477	0.0000	100.0000	4477	13	10	0.6371	4	1.56
contig_617	1.9961	3539383	0.0000	84.6255	2995222	1644	1674	0.3691	2	1.48
contig_618	1.2264	15907	0.0000	46.4324	7386	15	23	0.6615	0	1.96
contig_619	6.0350	17414	0.0000	99.9943	17413	37	37	0.6304	5	3.53
contig_62	7.8829	1505390	0.0000	99.7916	1502253	2999	3010	0.6542	6	7.13
contig_620	0.5550	1609	0.0000	47.2965	761	2	1	0.6269	0	0.64
contig_621	6.4417	7311	0.0000	86.4861	6323	24	24	0.6875	7	3.69
contig_622	1.0519	2446	0.0000	85.5683	2093	1	2	0.6754	1	0.58
contig_623	2.2495	3587	0.0000	92.8352	3330	6	5	0.6545	2	1.69
contig_624	2.9249	6141	0.0000	80.1498	4922	18	5	0.6577	2	2.85
contig_625	5.5694	4401	0.0000	100.0000	4401	14	10	0.5942	4	3.33
contig_626	1.0318	14912	0.0000	48.3168	7205	14	14	0.6641	0	1.42
contig_629	1.8050	1359	0.0000	96.3944	1310	2	4	0.0000	2	0.74
contig_63	6.9734	1263163	0.0000	99.2125	1253215	2438	2476	0.6559	6	5.56
contig_630	3.3815	6964	0.0000	88.3975	6156	10	18	0.6861	3	2.50
contig_64	7.0905	2404397	0.0000	99.5427	2393401	4945	5050	0.6533	6	4.19
contig_640	2.7110	910	0.0000	96.8132	881	5	4	0.0000	2	1.41
contig_642	1.9089	1306	0.0000	98.3155	1284	6	2	0.6860	2	0.64
contig_645	1.3781	2523	0.0000	79.1914	1998	5	4	0.5979	1	1.05
contig_646	1.9965	1428	0.0000	82.4930	1178	4	3	0.6066	2	1.40
contig_647	20.6363	9154	0.0000	99.3555	9095	62	77	0.6853	22	12.97
contig_649	3.2286	8137	0.0000	99.4838	8095	10	10	0.6477	3	1.56
contig_651	2.3663	4060	0.0000	98.5961	4003	5	6	0.6401	2	1.02
contig_655	11.3754	434885	0.0000	100.0000	434885	2004	1974	0.4217	11	3.64
contig_658	1.5571	2890	0.0000	81.7993	2364	1	4	0.6934	2	1.03
contig_659	2.2368	2677	0.0000	84.9458	2274	4	4	0.0000	3	1.14
contig_66	6.5205	1296030	0.0000	99.5173	1289774	2397	2475	0.6506	6	4.01
contig_660	2.3842	2681	0.0000	84.9683	2278	3	5	0.6995	2	1.36
contig_661	2.9064	2296	0.0000	97.9530	2249	4	3	0.6000	3	1.28
contig_662	28.3207	28463	0.0000	100.0000	28463	166	200	0.6597	27	10.14
contig_663	3.6754	2412	0.0000	100.0000	2412	4	10	0.6557	3	1.49
contig_664	3.4467	2053	0.0000	83.8285	1721	5	4	0.5380	4	2.01
contig_669	2.6847	2788	0.0000	64.0961	1787	5	7	0.0000	2	2.60
contig_67	6.6473	988486	0.0000	99.5024	983567	1936	1806	0.6559	6	3.77
contig_671	2.7789	2008	0.0000	86.9522	1746	4	6	0.7037	3	1.72
contig_672	6.2409	1793	0.0000	100.0000	1793	9	6	0.6151	6	3.16
contig_674	1.9583	1174	0.0000	94.6337	1111	4	2	0.5816	1	1.22
contig_676	5.7826	6555	0.0000	94.8436	6217	14	19	0.6247	5	2.61
contig_677	1.1658	1098	0.0000	91.1658	1001	2	1	0.0000	1	0.56
contig_678	1.0390	1307	0.0000	82.4790	1078	2	1	0.0000	1	0.62
contig_679	2.6717	7593	0.0000	86.3427	6556	10	3	0.6483	3	1.90
contig_68	7.6311	1210237	0.0000	99.9348	1209448	2479	2454	0.6588	7	4.22
contig_680	3.4054	8016	0.0000	94.7106	7592	10	6	0.6618	3	1.95
contig_681	1.2445	5047	0.0000	64.1966	3240	4	3	0.6485	1	1.14
contig_682	1.5986	4315	0.0000	77.5203	3345	5	3	0.6710	2	1.08
contig_683	3.5068	3538	0.0000	93.7535	3317	14	7	0.7028	4	2.62
contig_684	0.1641	512	0.0000	16.4063	84	0	1	0.0000	0	0.37
contig_685	1.0014	716	0.0000	70.5307	505	1	2	0.0000	1	0.77
contig_686	4.9465	2037	0.0000	99.8527	2034	8	4	0.6934	5	1.91
contig_687	1.2263	769	0.0000	78.1534	601	1	3	0.0000	1	0.78
contig_689	3.1856	8714	0.0000	100.0000	8714	19	12	0.6354	3	1.12
contig_69	7.2611	4288544	0.0000	99.4143	4263428	8130	8063	0.6592	6	5.33
contig_691	3.4533	2409	0.0000	99.8755	2406	2	6	0.6730	3	0.74
contig_693	7.4293	4188	0.0000	98.8300	4139	15	16	0.7475	7	2.80
contig_694	1.3882	2728	0.0000	72.1041	1967	4	4	0.6732	1	1.19
contig_695	2.9650	7635	0.0000	84.8592	6479	11	12	0.6460	2	2.76
contig_696	0.3401	1426	0.0000	34.0112	485	0	1	0.0000	0	0.47
contig_697	2.9005	3810	0.0000	100.0000	3810	6	9	0.6620	3	1.94
contig_698	1.6416	7460	0.0000	62.9357	4695	15	10	0.6265	1	2.09
contig_699	0.6287	30322	0.0000	47.6618	14452	9	14	0.6032	0	0.75
contig_70	10.4641	279049	0.0000	99.9968	279040	691	686	0.6519	10	4.65
contig_701	0.2760	189342	0.0000	21.3011	40332	13	14	0.6253	0	0.60
contig_702	3.9276	4874	0.0000	100.0000	4874	8	7	0.6787	4	1.96
contig_707	4.5491	4784	0.0000	97.0945	4645	11	15	0.7097	5	2.25
contig_708	7.5069	9560	0.0000	99.9686	9557	30	24	0.7175	8	4.02
contig_709	3.3790	7585	0.0000	98.5498	7475	8	12	0.7025	4	1.38
contig_710	1.9344	2196	0.0000	75.7741	1664	5	4	0.5786	2	1.64
contig_711	11.5492	405436	0.0000	100.0000	405436	1892	1865	0.4285	12	3.52
contig_712	42.7984	2088	0.0000	100.0000	2088	71	54	0.4981	47	8.98
contig_713	9.0656	2148	0.0000	100.0000	2148	10	12	0.4332	9	1.09
contig_714	45.5160	1440	0.0000	100.0000	1440	38	50	0.4971	47	4.71
contig_715	2.5708	9639	0.0000	40.2428	3879	17	26	0.7075	0	5.28
contig_716	80.7118	2401	0.0000	100.0000	2401	113	104	0.5326	83	11.55
contig_717	8.6508	587	0.0000	100.0000	587	9	8	0.5348	8	3.64
contig_718	66.0289	1833	0.0000	100.0000	1833	86	85	0.5289	69	11.88
contig_719	32.7343	1212	0.0000	100.0000	1212	43	45	0.5276	33	6.51
contig_72	6.9749	3818955	0.0000	99.6887	3807068	7190	7182	0.6530	6	5.57
contig_720	8.7604	6689	0.0000	100.0000	6689	29	34	0.4122	8	2.47
contig_721	6.0221	2261	0.0000	87.2623	1973	13	14	0.6647	5	4.10
contig_722	8.0884	7153	0.0000	100.0000	7153	24	28	0.6317	7	3.21
contig_723	2.1187	12220	0.0000	84.3126	10303	23	20	0.6754	1	1.91
contig_724	0.1856	1600	0.0000	18.5625	297	0	1	0.5226	0	0.39
contig_725	2.3573	1640	0.0000	91.7683	1505	2	1	0.0000	3	0.86
contig_727	2.8326	5668	0.0000	99.5060	5640	3	17	0.7967	3	1.31
contig_73	6.7971	741564	0.0000	99.8370	740355	1262	1285	0.6590	6	4.01
contig_730	3.3918	1386	0.0000	94.5887	1311	4	6	0.7379	2	2.80
contig_731	6.9076	2554	0.0000	100.0000	2554	7	11	0.0000	7	1.97
contig_732	14.8047	5249	0.0000	100.0000	5249	37	33	0.7241	16	4.70
contig_733	6.1706	8664	0.0000	100.0000	8664	14	21	0.6841	7	2.45
contig_734	5.8202	13134	0.0000	100.0000	13134	23	22	0.6177	6	2.07
contig_735	2.1836	13694	0.0000	79.8087	10929	13	14	0.6149	2	1.76
contig_736	5.2629	4865	0.0000	100.0000	4865	7	6	0.6623	5	1.82
contig_737	3.6101	8708	0.0000	77.9743	6790	18	26	0.6306	1	3.94
contig_738	1.8344	3642	0.0000	70.4833	2567	5	4	0.7019	2	1.50
contig_74	7.9512	1625613	0.0000	99.7171	1621014	3359	3717	0.6557	6	6.69
contig_743	4.1887	9639	0.0000	92.6445	8930	16	8	0.6700	4	2.66
contig_744	0.6589	3973	0.0000	54.9207	2182	2	1	0.7773	1	0.67
contig_745	2.1092	5183	0.0000	83.0407	4304	6	6	0.6167	2	1.39
contig_746	4.1675	1624	0.0000	98.0296	1592	6	7	0.5796	3	2.36
contig_747	0.6268	2176	0.0000	40.6710	885	1	1	0.0000	0	0.82
contig_748	1.9390	2688	0.0000	95.9821	2580	2	4	0.8259	2	1.12
contig_749	8.4146	15121	0.0000	100.0000	15121	32	44	0.6941	7	4.97
contig_75	6.8968	1593338	0.0000	99.6848	1588316	3098	3069	0.6523	6	4.86
contig_750	0.7300	1700	0.0000	70.1765	1193	1	2	0.0000	1	0.50
contig_751	3.1137	3035	0.0000	99.9671	3034	8	7	0.7510	2	1.87
contig_752	6.3247	10264	0.0000	79.2089	8130	34	51	0.6124	7	5.34
contig_753	1.6346	3410	0.0000	86.7155	2957	6	5	0.7440	1	1.12
contig_755	0.0000	164	0.0000	0.0000	0	0	0	0.0000	0	0.00
contig_759	0.3521	2048	0.0000	35.2051	721	0	2	0.8243	0	0.48
contig_76	20.4628	1017591	0.0000	99.9312	1016891	4308	4171	0.5721	7	212.03
contig_761	1.8446	2993	0.0000	95.1554	2848	9	5	0.6042	1	1.28
contig_762	1.4099	1493	0.0000	76.8252	1147	0	4	0.6641	2	0.91
contig_763	1.6874	950	0.0000	56.7368	539	2	2	0.0000	1	1.74
contig_764	1.3108	2288	0.0000	86.4073	1977	1	3	0.6465	1	0.87
contig_765	6.8267	9585	0.0000	100.0000	9585	24	17	0.6275	7	2.99
contig_766	1.5418	4841	0.0000	74.4061	3602	1	4	0.6906	2	1.14
contig_767	0.0000	2620	0.0000	0.0000	0	0	0	0.0000	0	0.00
contig_768	0.0697	4018	0.0000	6.9686	280	0	1	0.0000	0	0.25
contig_769	0.0000	1251	0.0000	0.0000	0	0	0	0.0000	0	0.00
contig_77	7.2168	3362156	0.0000	99.6119	3349107	6388	6384	0.6545	6	5.18
contig_770	0.9948	2328	0.0000	73.2818	1706	4	0	0.6020	1	0.74
contig_771	3.8213	1740	0.0000	97.0115	1688	2	6	0.6425	5	1.66
contig_772	1.5686	5955	0.0000	73.7196	4390	6	10	0.5353	1	1.48
contig_773	0.4204	2105	0.0000	30.4988	642	3	1	0.5314	0	0.69
contig_774	0.7109	1757	0.0000	71.0871	1249	2	0	0.6536	1	0.45
contig_775	1.9244	4351	0.0000	68.1912	2967	6	5	0.6012	2	1.64
contig_776	5.7861	12608	0.0000	100.0000	12608	24	22	0.6742	6	1.72
contig_778	7.1997	7785	0.0000	100.0000	7785	15	22	0.6587	7	2.83
contig_779	1.9753	5505	0.0000	63.2153	3480	14	8	0.6295	2	2.04
contig_78	5.0601	4342300	0.0000	99.0833	4302496	5271	5549	0.5776	5	2.45
contig_780	1.8903	1367	0.0000	84.4916	1155	1	2	0.5776	2	0.90
contig_782	1.5595	3330	0.0000	98.1682	3269	3	4	0.6232	1	0.67
contig_783	1.0172	3845	0.0000	47.1261	1812	6	4	0.7196	0	1.36
contig_784	5.2382	2620	0.0000	98.2061	2573	14	8	0.6953	6	1.86
contig_785	4.3901	4665	0.0000	92.5831	4319	9	6	0.6151	6	2.56
contig_787	1.2394	2047	0.0000	87.3473	1788	1	1	0.6326	1	0.66
contig_789	7.3049	5379	0.0000	100.0000	5379	15	16	0.7247	6	4.10
contig_79	2.9319	4244761	0.0000	93.0375	3949218	3397	3454	0.5757	3	1.87
contig_790	3.6603	3771	0.0000	100.0000	3771	4	5	0.6664	4	0.81
contig_792	4.5470	8135	0.0000	99.9877	8134	19	16	0.5979	4	2.63
contig_794	2.4036	6906	0.0000	100.0000	6906	7	10	0.6629	2	1.10
contig_796	2.5697	1076	0.0000	99.1636	1067	2	5	0.0000	2	1.42
contig_797	1.8645	1255	0.0000	93.4661	1173	3	1	0.0000	2	0.85
contig_798	5.3227	2293	0.0000	97.9067	2245	12	7	0.6669	6	2.16
contig_799	1.1699	4978	0.0000	85.2149	4242	5	1	0.6095	1	0.66
contig_801	5.3807	10365	0.0000	97.0188	10056	30	34	0.6326	5	2.44
contig_803	1.7022	3096	0.0000	89.9225	2784	0	4	0.0000	2	0.95
contig_804	0.9571	2935	0.0000	54.4463	1598	0	2	0.8696	1	0.93
contig_805	0.3960	7904	0.0000	27.4545	2170	4	1	0.8808	0	0.69
contig_807	1.4070	9698	0.0000	51.4333	4988	8	16	0.6476	1	2.15
contig_809	0.0000	1142	0.0000	0.0000	0	0	0	0.0000	0	0.00
contig_811	0.8812	1128	0.0000	42.8191	483	2	1	0.0000	0	1.14
contig_812	2.5945	3132	0.0000	65.2618	2044	8	3	0.0000	2	2.63
contig_815	2.1232	5623	0.0000	76.5606	4305	10	15	0.5642	2	2.11
contig_816	0.9468	4118	0.0000	64.3516	2650	3	4	0.6241	1	0.86
contig_817	0.4088	2395	0.0000	40.8768	979	2	0	0.0000	0	0.49
contig_818	1.2087	2103	0.0000	72.9910	1535	2	1	0.6188	1	1.04
contig_82	114.5967	1282	0.0000	100.0000	1282	98	118	0.4915	126	32.31
contig_820	3.2985	5581	0.0000	80.7203	4505	9	11	0.6390	3	2.73
contig_821	3.3356	2849	0.0000	66.4795	1894	9	7	0.6372	3	3.49
contig_822	5.9286	32365	0.0000	100.0000	32365	58	44	0.6473	6	2.32
contig_823	6.7694	16815	0.0000	98.3408	16536	41	39	0.6496	7	3.21
contig_827	8.5213	8293	0.0000	100.0000	8293	26	34	0.6882	8	4.50
contig_829	0.5305	4226	0.0000	42.6171	1801	4	0	0.8088	0	0.68
contig_83	0.5268	822	0.0000	52.6764	433	1	0	0.0000	1	0.50
contig_830	0.3321	2466	0.0000	33.2117	819	0	2	0.8489	0	0.47
contig_831	9.8261	2243	0.0000	97.5925	2189	9	13	0.7415	11	4.50
contig_832	2.0976	10241	0.0000	87.6282	8974	16	13	0.6307	2	1.68
contig_833	1.3539	14947	0.0000	54.9073	8207	15	14	0.5888	1	1.89
contig_834	4.2128	2580	0.0000	100.0000	2580	6	6	0.6393	4	1.80
contig_835	0.6318	1953	0.0000	63.1848	1234	2	0	0.0000	1	0.48
contig_836	0.6048	3102	0.0000	45.1322	1400	2	3	0.6636	0	0.74
contig_838	2.1907	6852	0.0000	94.3958	6468	7	11	0.6018	2	1.23
contig_84	1.0857	922	0.0000	87.0933	803	2	0	0.7927	1	0.58
contig_840	3.4589	11193	0.0000	99.0977	11092	7	6	0.6815	4	1.37
contig_841	1.4921	24115	0.0000	71.3788	17213	19	21	0.6550	1	2.01
contig_843	6.9691	3848	0.0000	100.0000	3848	15	11	0.6068	5	3.64
contig_844	3.8946	1565	0.0000	99.8722	1563	5	4	0.0000	4	1.26
contig_845	0.2026	696	0.0000	20.2586	141	1	0	0.0000	0	0.40
contig_849	10.3551	9094	0.0000	99.8131	9077	39	6	0.8239	7	7.83
contig_852	1.3843	1085	0.0000	65.9908	716	1	3	0.0000	1	1.20
contig_853	1.9800	1697	0.0000	65.7042	1115	2	3	0.7425	2	1.72
contig_854	6.1142	12757	0.0000	100.0000	12757	19	26	0.6416	5	3.07
contig_855	6.4440	19188	0.0000	98.8430	18966	42	49	0.6608	5	4.38
contig_856	0.3397	789	0.0000	33.9670	268	1	0	0.0000	0	0.47
contig_858	3.0052	7864	0.0000	92.0778	7241	12	10	0.6574	3	1.66
contig_859	3.8040	10278	0.0000	99.9416	10272	21	24	0.6454	4	2.42
contig_86	7.6806	2808500	0.0000	99.6469	2798584	5563	5425	0.6565	7	6.04
contig_860	4.5897	2145	0.0000	97.5758	2093	3	8	0.7606	4	2.45
contig_862	4.5177	6054	0.0000	95.3915	5775	11	12	0.6126	4	2.33
contig_863	3.0088	6558	0.0000	92.2385	6049	8	5	0.6607	3	1.67
contig_864	1.7939	7890	0.0000	60.0380	4737	16	13	0.7085	1	2.24
contig_865	8.1614	16959	0.0000	100.0000	16959	32	28	0.6427	8	2.85
contig_867	3.2352	3958	0.0000	100.0000	3958	10	9	0.5895	3	1.20
contig_868	3.2120	5770	0.0000	85.0260	4906	18	17	0.5836	3	2.42
contig_869	6.7697	25725	0.0000	99.9922	25723	40	43	0.6310	7	2.73
contig_87	7.1871	2795859	0.0000	99.5902	2784401	5308	5358	0.6501	6	4.86
contig_870	2.2003	15745	0.0000	63.6393	10020	32	22	0.6428	1	3.63
contig_871	2.2067	2390	0.0000	89.7908	2146	3	2	0.6579	2	0.97
contig_872	2.6633	2608	0.0000	100.0000	2608	5	4	0.6966	3	0.61
contig_874	1.2526	673	0.0000	87.3700	588	0	2	0.0000	1	0.67
contig_875	0.4537	2202	0.0000	45.3678	999	1	1	0.6534	0	0.50
contig_876	4.2087	2468	0.0000	100.0000	2468	4	8	0.6071	4	1.16
contig_877	0.9463	2627	0.0000	63.9513	1680	2	2	0.5822	1	0.96
contig_878	4.8824	9491	0.0000	99.9684	9488	13	15	0.6367	5	1.88
contig_879	1.4534	9789	0.0000	86.1681	8435	11	13	0.5889	1	1.33
contig_88	6.7923	1156537	0.0000	99.3769	1149331	2079	1924	0.6535	6	3.49
contig_880	10.2969	10319	0.0000	100.0000	10319	30	33	0.6343	11	3.01
contig_881	2.8612	2608	0.0000	86.5414	2257	4	4	0.6218	3	1.45
contig_882	12.7816	4862	0.0000	99.5475	4840	18	26	0.6633	14	4.06
contig_883	1.6603	3041	0.0000	100.0000	3041	3	4	0.6599	2	0.67
contig_885	2.2657	1483	0.0000	83.2771	1235	1	5	0.0000	3	1.30
contig_886	4.8656	4374	0.0000	80.8413	3536	17	14	0.6366	2	5.97
contig_887	2.1965	5368	0.0000	89.1952	4788	5	7	0.6312	2	1.28
contig_888	4.1501	1512	0.0000	87.5661	1324	8	4	0.0000	5	2.47
contig_889	1.9161	4495	0.0000	94.3715	4242	4	11	0.6570	1	1.30
contig_89	3624.4575	3471	0.0000	100.0000	3471	2188	2054	0.4341	3637	119.69
contig_890	1.3364	3638	0.0000	63.4140	2307	4	4	0.6732	1	1.21
contig_891	5.9135	4834	0.0000	100.0000	4834	8	14	0.6305	6	1.32
contig_892	1.5459	1132	0.0000	81.7138	925	1	2	0.0000	2	0.98
contig_893	4.2668	2669	0.0000	97.6770	2607	4	8	0.6485	4	1.62
contig_894	2.3763	1993	0.0000	71.0988	1417	4	7	0.5779	3	1.82
contig_895	1.9490	529	0.0000	83.7429	443	1	2	0.6327	2	1.09
contig_897	0.3670	1207	0.0000	36.7026	443	1	0	0.5730	0	0.48
contig_898	10.3851	5069	0.0000	100.0000	5069	22	22	0.6587	11	3.35
contig_899	2.5144	4382	0.0000	89.4797	3921	13	14	0.6520	2	1.61
contig_9	8.1559	1206280	0.0000	99.8568	1204553	2946	2614	0.6482	6	8.79
contig_90	7.9665	1778232	0.0000	99.7372	1773558	3807	3768	0.6576	7	5.91
contig_903	13.5564	3868	0.0000	97.4922	3771	21	26	0.6880	14	5.94
contig_904	4.3408	936	0.0000	92.0940	862	6	1	0.0000	5	2.01
contig_905	11.0381	2652	0.0000	100.0000	2652	13	10	0.6884	11	1.60
contig_906	5.7494	3228	0.0000	99.5973	3215	13	7	0.0000	6	2.18
contig_907	0.5912	1947	0.0000	55.2645	1076	1	1	0.6501	1	0.56
contig_908	1.8752	3093	0.0000	84.2224	2605	3	2	0.6506	2	0.99
contig_91	6.9022	1820475	0.0000	99.8608	1817941	3255	3206	0.6621	6	4.18
contig_913	6.6034	9658	0.0000	100.0000	9658	25	25	0.6315	6	2.12
contig_914	4.5979	5601	0.0000	48.7234	2729	22	22	0.6022	0	7.00
contig_917	1.7073	5101	0.0000	96.5301	4924	4	3	0.5970	2	0.90
contig_918	2.1233	4574	0.0000	99.2348	4539	8	6	0.6588	2	0.89
contig_919	0.2784	1940	0.0000	18.1443	352	0	2	0.0000	0	0.63
contig_92	6.5644	1963795	0.0000	99.4825	1953633	3446	3534	0.6601	6	3.98
contig_920	8.4831	9884	0.0000	100.0000	9884	18	22	0.6697	8	2.05
contig_921	3.0749	242618	0.0000	93.1658	226037	207	186	0.5531	3	1.86
contig_922	4.9612	6940	0.0000	97.7666	6785	12	16	0.5980	5	2.79
contig_923	0.1533	3699	0.0000	11.0841	410	1	2	0.0000	0	0.46
contig_924	5.1256	2843	0.0000	96.8695	2754	7	8	0.0000	6	2.05
contig_925	4.7139	4844	0.0000	95.9538	4648	12	16	0.7224	5	1.67
contig_927	1.2616	2680	0.0000	90.5597	2427	3	4	0.6466	1	0.80
contig_928	0.5306	931	0.0000	53.0612	494	0	1	0.0000	1	0.50
contig_929	1.6973	1655	0.0000	86.4048	1430	3	2	0.0000	2	0.95
contig_93	6.7875	527759	0.0000	99.9706	527604	926	881	0.6526	6	3.88
contig_930	1.2629	7652	0.0000	64.3492	4924	6	7	0.6481	1	1.64
contig_931	3.0852	7275	0.0000	100.0000	7275	8	11	0.6556	3	1.21
contig_933	6.1130	6433	0.0000	100.0000	6433	18	14	0.6181	6	1.20
contig_934	3.4020	1943	0.0000	94.3387	1833	2	7	0.7018	3	2.16
contig_935	3.1028	6107	0.0000	100.0000	6107	6	4	0.8233	3	0.80
contig_937	11.8409	220603	0.0000	100.0000	220603	1055	1032	0.4209	12	3.90
contig_938	22.3677	3307	0.0000	100.0000	3307	7	71	0.6639	14	20.56
contig_939	7.4094	2230	0.0000	99.7758	2225	13	6	0.6809	8	2.64
contig_94	8.9566	1356988	0.0000	99.6972	1352879	3073	3184	0.6623	6	13.96
contig_941	5.9716	4760	0.0000	99.9580	4758	26	18	0.5800	6	1.92
contig_942	21.6828	36049	0.0000	100.0000	36049	195	191	0.6200	22	6.07
contig_943	6.5466	88388	0.0000	99.8767	88279	141	165	0.6387	6	2.83
contig_945	9.6394	5893	0.0000	94.7904	5586	23	10	0.6755	11	4.58
contig_946	5.6874	67228	0.0000	100.0000	67228	100	116	0.6597	5	2.45
contig_948	4.4828	2939	0.0000	99.2174	2916	7	11	0.6330	4	3.30
contig_95	0.4603	517	0.0000	46.0348	238	0	1	0.0000	0	0.50
contig_951	2.1568	1850	0.0000	100.0000	1850	1	3	0.7117	2	0.51
contig_953	5.1649	18623	0.0000	87.6067	16315	6	19	0.8574	6	2.63
contig_954	10.7100	11127	0.0000	100.0000	11127	46	56	0.6947	11	4.08
contig_955	2.3394	6275	0.0000	78.8367	4947	3	6	0.6705	3	1.53
contig_957	0.3894	462952	0.0000	26.7499	123839	42	47	0.6540	0	0.76
contig_959	0.5822	81477	0.0000	44.9194	36599	6	11	0.6234	0	0.71
contig_96	1.6398	919	0.0000	100.0000	919	1	2	0.7256	1	0.77
contig_960	0.8140	1538	0.0000	42.3927	652	1	2	0.6823	0	1.13
contig_963	23.8767	28259	0.0000	100.0000	28259	266	227	0.3037	24	3.98
contig_97	1.2255	736	0.0000	84.3750	621	2	0	0.0000	1	0.70
contig_98	2.4218	799	0.0000	76.3454	610	3	3	0.7091	3	1.56
