#Name	Length	A	C	G	T	N	IUPAC	Other	GC
contig_102	1649	0.1643	0.3366	0.3396	0.1595	0.0000	0.0000	0.0000	0.6762
contig_103	1605505	0.1609	0.3347	0.3440	0.1604	0.0000	0.0000	0.0000	0.6787
contig_104	1266	0.1066	0.2630	0.5490	0.0814	0.0000	0.0000	0.0000	0.8120
contig_107	822252	0.1716	0.3296	0.3247	0.1741	0.0000	0.0000	0.0000	0.6543
contig_108	2356	0.1991	0.2997	0.3124	0.1889	0.0000	0.0000	0.0000	0.6121
contig_109	2086816	0.1698	0.3310	0.3333	0.1659	0.0000	0.0000	0.0000	0.6642
contig_11	1249781	0.1697	0.3276	0.3310	0.1718	0.0000	0.0000	0.0000	0.6585
contig_110	951636	0.1677	0.3321	0.3334	0.1668	0.0000	0.0000	0.0000	0.6656
contig_111	2261390	0.1705	0.3311	0.3278	0.1706	0.0000	0.0000	0.0000	0.6589
contig_112	20959	0.1240	0.3253	0.4297	0.1210	0.0000	0.0000	0.0000	0.7550
contig_113	1518589	0.1690	0.3323	0.3302	0.1685	0.0000	0.0000	0.0000	0.6624
contig_114	2203	0.1961	0.3082	0.3191	0.1766	0.0000	0.0000	0.0000	0.6273
contig_115	526	0.1369	0.2395	0.4753	0.1483	0.0000	0.0000	0.0000	0.7148
contig_116	2542	0.1581	0.3651	0.3143	0.1625	0.0000	0.0000	0.0000	0.6794
contig_118	508	0.1614	0.3839	0.2323	0.2224	0.0000	0.0000	0.0000	0.6161
contig_121	2337	0.2110	0.2850	0.3402	0.1639	0.0000	0.0000	0.0000	0.6252
contig_122	890	0.2640	0.2416	0.3315	0.1629	0.0000	0.0000	0.0000	0.5730
contig_123	1025	0.2995	0.2263	0.3610	0.1132	0.0000	0.0000	0.0000	0.5873
contig_124	2413	0.1247	0.3005	0.3970	0.1778	0.0000	0.0000	0.0000	0.6975
contig_125	531	0.1488	0.3559	0.2335	0.2618	0.0000	0.0000	0.0000	0.5895
contig_126	565	0.1628	0.3823	0.3097	0.1451	0.0000	0.0000	0.0000	0.6920
contig_127	627	0.1627	0.3333	0.3429	0.1611	0.0000	0.0000	0.0000	0.6762
contig_13	5577535	0.1703	0.3315	0.3282	0.1700	0.0000	0.0000	0.0000	0.6597
contig_131	555	0.1586	0.3477	0.3928	0.1009	0.0000	0.0000	0.0000	0.7405
contig_132	961	0.1217	0.3465	0.3757	0.1561	0.0000	0.0000	0.0000	0.7222
contig_137	506	0.1877	0.2530	0.4032	0.1561	0.0000	0.0000	0.0000	0.6561
contig_140	881	0.1941	0.2497	0.4064	0.1498	0.0000	0.0000	0.0000	0.6561
contig_141	835	0.1581	0.3629	0.3844	0.0946	0.0000	0.0000	0.0000	0.7473
contig_142	682	0.1818	0.2947	0.3871	0.1364	0.0000	0.0000	0.0000	0.6818
contig_143	730	0.1603	0.2863	0.4027	0.1507	0.0000	0.0000	0.0000	0.6890
contig_144	1070	0.1673	0.3121	0.3776	0.1430	0.0000	0.0000	0.0000	0.6897
contig_145	569	0.1687	0.3550	0.3515	0.1248	0.0000	0.0000	0.0000	0.7065
contig_146	766	0.1279	0.3760	0.2950	0.2010	0.0000	0.0000	0.0000	0.6710
contig_147	892	0.1244	0.3610	0.4058	0.1087	0.0000	0.0000	0.0000	0.7668
contig_148	735	0.1252	0.3619	0.3497	0.1633	0.0000	0.0000	0.0000	0.7116
contig_149	535	0.1047	0.3607	0.3925	0.1421	0.0000	0.0000	0.0000	0.7533
contig_150	1475	0.1464	0.3742	0.3132	0.1661	0.0000	0.0000	0.0000	0.6875
contig_151	621	0.1562	0.3865	0.2705	0.1868	0.0000	0.0000	0.0000	0.6570
contig_152	1001	0.1249	0.3566	0.3666	0.1518	0.0000	0.0000	0.0000	0.7233
contig_153	575	0.0974	0.3704	0.2365	0.2957	0.0000	0.0000	0.0000	0.6070
contig_154	568	0.1250	0.3715	0.2254	0.2782	0.0000	0.0000	0.0000	0.5968
contig_157	668	0.1407	0.3877	0.3488	0.1228	0.0000	0.0000	0.0000	0.7365
contig_158	2072	0.1511	0.4310	0.2486	0.1694	0.0000	0.0000	0.0000	0.6795
contig_160	718	0.0794	0.3468	0.2911	0.2827	0.0000	0.0000	0.0000	0.6379
contig_163	515	0.1534	0.2816	0.3107	0.2544	0.0000	0.0000	0.0000	0.5922
contig_164	996	0.2169	0.3715	0.2701	0.1416	0.0000	0.0000	0.0000	0.6416
contig_165	492	0.1870	0.3577	0.2642	0.1911	0.0000	0.0000	0.0000	0.6220
contig_167	5006	0.1916	0.2619	0.3538	0.1928	0.0000	0.0000	0.0000	0.6157
contig_168	3113	0.1976	0.3126	0.3305	0.1593	0.0000	0.0000	0.0000	0.6431
contig_169	3048	0.1388	0.3084	0.4232	0.1296	0.0000	0.0000	0.0000	0.7316
contig_17	955	0.1675	0.3351	0.3309	0.1665	0.0000	0.0000	0.0000	0.6660
contig_171	845	0.1763	0.3621	0.3479	0.1136	0.0000	0.0000	0.0000	0.7101
contig_172	1676	0.1259	0.3425	0.3300	0.2017	0.0000	0.0000	0.0000	0.6724
contig_173	1000	0.1650	0.2900	0.2760	0.2690	0.0000	0.0000	0.0000	0.5660
contig_174	927	0.1607	0.3495	0.3085	0.1812	0.0000	0.0000	0.0000	0.6580
contig_175	1321	0.1787	0.2937	0.3301	0.1976	0.0000	0.0000	0.0000	0.6238
contig_176	3571	0.1703	0.3198	0.3206	0.1893	0.0000	0.0000	0.0000	0.6404
contig_177	994	0.1771	0.3712	0.3018	0.1499	0.0000	0.0000	0.0000	0.6730
contig_178	236583	0.1658	0.3282	0.3364	0.1696	0.0000	0.0000	0.0000	0.6646
contig_179	2994	0.1540	0.3373	0.3474	0.1613	0.0000	0.0000	0.0000	0.6847
contig_18	577	0.1560	0.3345	0.3484	0.1612	0.0000	0.0000	0.0000	0.6828
contig_180	1405	0.1423	0.3687	0.3253	0.1637	0.0000	0.0000	0.0000	0.6940
contig_181	1330	0.2015	0.3293	0.2880	0.1812	0.0000	0.0000	0.0000	0.6173
contig_182	2114	0.1835	0.3141	0.3150	0.1873	0.0000	0.0000	0.0000	0.6291
contig_183	934330	0.1729	0.3284	0.3254	0.1733	0.0000	0.0000	0.0000	0.6538
contig_184	204156	0.1807	0.3102	0.3343	0.1747	0.0000	0.0000	0.0000	0.6445
contig_185	552855	0.1691	0.3279	0.3320	0.1710	0.0000	0.0000	0.0000	0.6599
contig_187	8246	0.1609	0.3712	0.2898	0.1780	0.0000	0.0000	0.0000	0.6610
contig_189	1652	0.1465	0.3511	0.3196	0.1828	0.0000	0.0000	0.0000	0.6707
contig_19	2517	0.1685	0.3691	0.3190	0.1434	0.0000	0.0000	0.0000	0.6881
contig_190	254447	0.1648	0.3426	0.3275	0.1651	0.0000	0.0000	0.0000	0.6702
contig_191	10768	0.1475	0.4204	0.2187	0.2134	0.0000	0.0000	0.0000	0.6391
contig_192	5959	0.1698	0.2829	0.3950	0.1522	0.0000	0.0000	0.0000	0.6780
contig_193	157960	0.1732	0.3355	0.3218	0.1695	0.0000	0.0000	0.0000	0.6573
contig_194	2709	0.1495	0.3215	0.3477	0.1812	0.0000	0.0000	0.0000	0.6693
contig_196	7688	0.1660	0.3361	0.3296	0.1683	0.0000	0.0000	0.0000	0.6657
contig_197	466728	0.1688	0.3404	0.3194	0.1713	0.0000	0.0000	0.0000	0.6599
contig_199	6449	0.1628	0.2824	0.4165	0.1383	0.0000	0.0000	0.0000	0.6989
contig_20	793	0.1450	0.3670	0.3430	0.1450	0.0000	0.0000	0.0000	0.7100
contig_201	19822	0.1769	0.3046	0.3525	0.1660	0.0000	0.0000	0.0000	0.6570
contig_202	15329	0.1703	0.3394	0.3139	0.1764	0.0000	0.0000	0.0000	0.6533
contig_205	30415	0.1731	0.3246	0.3346	0.1676	0.0000	0.0000	0.0000	0.6592
contig_21	786	0.1743	0.3715	0.2913	0.1628	0.0000	0.0000	0.0000	0.6628
contig_212	2508	0.1810	0.3202	0.3078	0.1910	0.0000	0.0000	0.0000	0.6280
contig_214	644	0.1646	0.4115	0.2795	0.1444	0.0000	0.0000	0.0000	0.6910
contig_215	2329	0.1992	0.3027	0.3126	0.1855	0.0000	0.0000	0.0000	0.6153
contig_216	72223	0.1754	0.3276	0.3354	0.1616	0.0000	0.0000	0.0000	0.6630
contig_218	904	0.1903	0.3838	0.4170	0.0088	0.0000	0.0000	0.0000	0.8009
contig_219	780	0.1821	0.3974	0.2692	0.1513	0.0000	0.0000	0.0000	0.6667
contig_22	1304	0.1143	0.4394	0.3037	0.1426	0.0000	0.0000	0.0000	0.7431
contig_225	8630	0.1528	0.3541	0.3209	0.1722	0.0000	0.0000	0.0000	0.6750
contig_226	5890	0.3304	0.1742	0.2458	0.2496	0.0000	0.0000	0.0000	0.4200
contig_227	297779	0.2940	0.2096	0.1992	0.2972	0.0000	0.0000	0.0000	0.4088
contig_228	621	0.1594	0.2915	0.4300	0.1192	0.0000	0.0000	0.0000	0.7214
contig_23	726	0.1226	0.3457	0.3747	0.1570	0.0000	0.0000	0.0000	0.7204
contig_234	652	0.0966	0.3574	0.2515	0.2945	0.0000	0.0000	0.0000	0.6089
contig_235	6227	0.1111	0.3594	0.2990	0.2304	0.0000	0.0000	0.0000	0.6584
contig_236	21625	0.1920	0.3326	0.3144	0.1611	0.0000	0.0000	0.0000	0.6469
contig_238	4339031	0.3007	0.1996	0.1986	0.3012	0.0000	0.0000	0.0000	0.3981
contig_24	507	0.1953	0.3590	0.2860	0.1598	0.0000	0.0000	0.0000	0.6450
contig_242	1790	0.0844	0.6486	0.1816	0.0855	0.0000	0.0000	0.0000	0.8302
contig_243	26840	0.0825	0.6260	0.2004	0.0912	0.0000	0.0000	0.0000	0.8264
contig_244	1689	0.1072	0.1747	0.6519	0.0663	0.0000	0.0000	0.0000	0.8265
contig_245	861	0.1568	0.3020	0.3856	0.1556	0.0000	0.0000	0.0000	0.6876
contig_246	3855	0.1637	0.3271	0.3396	0.1696	0.0000	0.0000	0.0000	0.6667
contig_248	2716	0.2029	0.2979	0.2901	0.2091	0.0000	0.0000	0.0000	0.5880
contig_249	15455	0.1929	0.3441	0.3009	0.1621	0.0000	0.0000	0.0000	0.6450
contig_253	36	0.1944	0.4167	0.1667	0.2222	0.0000	0.0000	0.0000	0.5833
contig_257	1999	0.1471	0.3132	0.3377	0.2021	0.0000	0.0000	0.0000	0.6508
contig_258	1499	0.1815	0.2795	0.3382	0.2008	0.0000	0.0000	0.0000	0.6177
contig_260	963	0.1745	0.2991	0.3022	0.2243	0.0000	0.0000	0.0000	0.6012
contig_263	480	0.2771	0.3208	0.2688	0.1333	0.0000	0.0000	0.0000	0.5896
contig_264	1790	0.1609	0.2603	0.3966	0.1821	0.0000	0.0000	0.0000	0.6570
contig_265	319211	0.1715	0.3249	0.3353	0.1683	0.0000	0.0000	0.0000	0.6602
contig_266	6175	0.1963	0.3161	0.2999	0.1877	0.0000	0.0000	0.0000	0.6160
contig_267	6029	0.1226	0.4953	0.2529	0.1292	0.0000	0.0000	0.0000	0.7482
contig_268	222	0.1937	0.3829	0.4234	0.0000	0.0000	0.0000	0.0000	0.8063
contig_27	616	0.1786	0.3539	0.2890	0.1786	0.0000	0.0000	0.0000	0.6429
contig_273	15695	0.1334	0.3474	0.3899	0.1293	0.0000	0.0000	0.0000	0.7373
contig_274	4492	0.1244	0.3535	0.3909	0.1311	0.0000	0.0000	0.0000	0.7444
contig_275	821	0.1401	0.3569	0.3557	0.1474	0.0000	0.0000	0.0000	0.7125
contig_279	2053	0.1724	0.2708	0.3707	0.1861	0.0000	0.0000	0.0000	0.6415
contig_28	47	0.3617	0.2340	0.0851	0.3191	0.0000	0.0000	0.0000	0.3191
contig_285	4757	0.2016	0.2701	0.3223	0.2060	0.0000	0.0000	0.0000	0.5924
contig_288	497970	0.1693	0.3461	0.3206	0.1640	0.0000	0.0000	0.0000	0.6667
contig_29	935	0.2246	0.2727	0.3187	0.1840	0.0000	0.0000	0.0000	0.5914
contig_290	1415	0.0686	0.6509	0.1845	0.0961	0.0000	0.0000	0.0000	0.8353
contig_291	698	0.0544	0.6490	0.2077	0.0888	0.0000	0.0000	0.0000	0.8567
contig_293	676	0.0784	0.6583	0.1612	0.1021	0.0000	0.0000	0.0000	0.8195
contig_296	13342	0.2059	0.2985	0.2993	0.1963	0.0000	0.0000	0.0000	0.5978
contig_298	1479916	0.2941	0.2173	0.1970	0.2916	0.0000	0.0000	0.0000	0.4143
contig_299	140080	0.2915	0.1949	0.2123	0.3013	0.0000	0.0000	0.0000	0.4072
contig_3	995629	0.1706	0.3331	0.3271	0.1693	0.0000	0.0000	0.0000	0.6601
contig_300	888	0.1588	0.3153	0.3198	0.2061	0.0000	0.0000	0.0000	0.6351
contig_301	566	0.1343	0.4258	0.2580	0.1820	0.0000	0.0000	0.0000	0.6837
contig_302	2888	0.1617	0.3830	0.3064	0.1489	0.0000	0.0000	0.0000	0.6894
contig_308	4677	0.2897	0.1976	0.2771	0.2356	0.0000	0.0000	0.0000	0.4747
contig_309	105245	0.3119	0.1869	0.1815	0.3197	0.0000	0.0000	0.0000	0.3684
contig_31	42	0.3810	0.1429	0.2619	0.2143	0.0000	0.0000	0.0000	0.4048
contig_310	788	0.1383	0.3376	0.3173	0.2069	0.0000	0.0000	0.0000	0.6548
contig_312	3544	0.2097	0.3194	0.2949	0.1761	0.0000	0.0000	0.0000	0.6143
contig_313	1036	0.2635	0.2751	0.3610	0.1004	0.0000	0.0000	0.0000	0.6361
contig_314	2507	0.1695	0.2820	0.3925	0.1560	0.0000	0.0000	0.0000	0.6745
contig_315	7598	0.1678	0.3444	0.3205	0.1673	0.0000	0.0000	0.0000	0.6649
contig_316	2313	0.1786	0.3545	0.3212	0.1457	0.0000	0.0000	0.0000	0.6757
contig_318	624	0.2356	0.3173	0.3045	0.1426	0.0000	0.0000	0.0000	0.6218
contig_319	523	0.1033	0.3442	0.3690	0.1836	0.0000	0.0000	0.0000	0.7132
contig_32	5022998	0.1676	0.3287	0.3369	0.1668	0.0000	0.0000	0.0000	0.6656
contig_325	702	0.1154	0.4202	0.2991	0.1652	0.0000	0.0000	0.0000	0.7194
contig_33	5352508	0.1686	0.3297	0.3325	0.1692	0.0000	0.0000	0.0000	0.6622
contig_330	15670	0.1594	0.2420	0.4593	0.1393	0.0000	0.0000	0.0000	0.7013
contig_336	701	0.1341	0.2154	0.5235	0.1270	0.0000	0.0000	0.0000	0.7389
contig_337	6892	0.1570	0.2992	0.3825	0.1613	0.0000	0.0000	0.0000	0.6817
contig_338	856	0.0876	0.1904	0.6308	0.0911	0.0000	0.0000	0.0000	0.8213
contig_339	2049	0.1742	0.1445	0.5354	0.1459	0.0000	0.0000	0.0000	0.6798
contig_340	1230	0.2447	0.2821	0.3398	0.1333	0.0000	0.0000	0.0000	0.6220
contig_341	985	0.1249	0.5563	0.1868	0.1320	0.0000	0.0000	0.0000	0.7431
contig_342	2157	0.1025	0.5614	0.2109	0.1252	0.0000	0.0000	0.0000	0.7724
contig_344	4763	0.1585	0.3374	0.2710	0.2330	0.0000	0.0000	0.0000	0.6084
contig_345	5704	0.1976	0.2977	0.3194	0.1853	0.0000	0.0000	0.0000	0.6171
contig_346	8520	0.1494	0.3251	0.3175	0.2080	0.0000	0.0000	0.0000	0.6426
contig_347	3081	0.1564	0.3093	0.3671	0.1672	0.0000	0.0000	0.0000	0.6764
contig_348	4335614	0.2261	0.2728	0.2738	0.2273	0.0000	0.0000	0.0000	0.5466
contig_35	6197801	0.1699	0.3291	0.3321	0.1689	0.0000	0.0000	0.0000	0.6612
contig_350	10747	0.0944	0.1959	0.6521	0.0577	0.0000	0.0000	0.0000	0.8480
contig_352	517	0.1257	0.2940	0.4758	0.1044	0.0000	0.0000	0.0000	0.7698
contig_354	2968	0.1048	0.4663	0.2759	0.1530	0.0000	0.0000	0.0000	0.7423
contig_355	12503	0.0958	0.2036	0.6546	0.0460	0.0000	0.0000	0.0000	0.8582
contig_357	6462	0.1622	0.3244	0.3374	0.1761	0.0000	0.0000	0.0000	0.6617
contig_358	230790	0.1692	0.3262	0.3383	0.1663	0.0000	0.0000	0.0000	0.6645
contig_36	7315391	0.1687	0.3329	0.3296	0.1687	0.0000	0.0000	0.0000	0.6626
contig_362	1011	0.3056	0.3205	0.2315	0.1424	0.0000	0.0000	0.0000	0.5519
contig_363	156010	0.1603	0.3220	0.3467	0.1710	0.0000	0.0000	0.0000	0.6687
contig_364	2196	0.1553	0.3816	0.3019	0.1612	0.0000	0.0000	0.0000	0.6835
contig_366	13958	0.1708	0.3478	0.3157	0.1656	0.0000	0.0000	0.0000	0.6636
contig_37	2793117	0.1698	0.3315	0.3285	0.1703	0.0000	0.0000	0.0000	0.6600
contig_370	3952	0.1407	0.3742	0.2953	0.1898	0.0000	0.0000	0.0000	0.6695
contig_372	33141	0.1726	0.3302	0.3325	0.1647	0.0000	0.0000	0.0000	0.6628
contig_373	972	0.1409	0.2994	0.3992	0.1605	0.0000	0.0000	0.0000	0.6986
contig_376	769	0.1430	0.3017	0.4096	0.1456	0.0000	0.0000	0.0000	0.7113
contig_377	504	0.1131	0.3829	0.3512	0.1528	0.0000	0.0000	0.0000	0.7341
contig_378	936	0.1442	0.3344	0.3761	0.1453	0.0000	0.0000	0.0000	0.7105
contig_379	1032	0.1657	0.4041	0.2771	0.1531	0.0000	0.0000	0.0000	0.6812
contig_38	6524150	0.1697	0.3306	0.3303	0.1694	0.0000	0.0000	0.0000	0.6609
contig_383	667	0.1334	0.4513	0.2429	0.1724	0.0000	0.0000	0.0000	0.6942
contig_386	898	0.1581	0.3942	0.2884	0.1592	0.0000	0.0000	0.0000	0.6826
contig_389	565	0.1593	0.3681	0.2814	0.1912	0.0000	0.0000	0.0000	0.6496
contig_39	82558	0.1781	0.3334	0.3202	0.1683	0.0000	0.0000	0.0000	0.6536
contig_390	1888	0.1838	0.3125	0.3189	0.1849	0.0000	0.0000	0.0000	0.6314
contig_391	918	0.1797	0.3061	0.3475	0.1667	0.0000	0.0000	0.0000	0.6536
contig_393	33116	0.1713	0.3143	0.3376	0.1768	0.0000	0.0000	0.0000	0.6519
contig_4	41527	0.1578	0.3301	0.3296	0.1825	0.0000	0.0000	0.0000	0.6597
contig_40	2293614	0.1687	0.3329	0.3291	0.1694	0.0000	0.0000	0.0000	0.6619
contig_401	673	0.1441	0.3418	0.3388	0.1753	0.0000	0.0000	0.0000	0.6805
contig_404	5748	0.1677	0.2738	0.4059	0.1526	0.0000	0.0000	0.0000	0.6797
contig_405	699	0.1130	0.3991	0.3376	0.1502	0.0000	0.0000	0.0000	0.7368
contig_406	505	0.0832	0.3703	0.4158	0.1307	0.0000	0.0000	0.0000	0.7861
contig_407	725	0.0814	0.3766	0.4055	0.1366	0.0000	0.0000	0.0000	0.7821
contig_408	538	0.0818	0.3736	0.3941	0.1506	0.0000	0.0000	0.0000	0.7677
contig_409	542	0.1550	0.2952	0.3524	0.1974	0.0000	0.0000	0.0000	0.6476
contig_41	1438267	0.1693	0.3283	0.3348	0.1676	0.0000	0.0000	0.0000	0.6631
contig_413	8803	0.2057	0.3193	0.3030	0.1720	0.0000	0.0000	0.0000	0.6223
contig_414	2810	0.1790	0.3082	0.3313	0.1815	0.0000	0.0000	0.0000	0.6395
contig_415	660	0.1894	0.2545	0.3333	0.2227	0.0000	0.0000	0.0000	0.5879
contig_416	11482	0.1664	0.3122	0.3368	0.1845	0.0000	0.0000	0.0000	0.6490
contig_417	1650	0.2000	0.3303	0.2782	0.1915	0.0000	0.0000	0.0000	0.6085
contig_418	8582	0.1888	0.3329	0.2865	0.1918	0.0000	0.0000	0.0000	0.6194
contig_42	3017895	0.1705	0.3290	0.3300	0.1706	0.0000	0.0000	0.0000	0.6589
contig_420	8242	0.1662	0.3169	0.3235	0.1934	0.0000	0.0000	0.0000	0.6404
contig_421	6481	0.1611	0.3080	0.3466	0.1844	0.0000	0.0000	0.0000	0.6545
contig_422	6699	0.1532	0.3239	0.3075	0.2154	0.0000	0.0000	0.0000	0.6314
contig_426	2104	0.1797	0.3337	0.3056	0.1811	0.0000	0.0000	0.0000	0.6393
contig_427	2402	0.0708	0.6216	0.1948	0.1128	0.0000	0.0000	0.0000	0.8164
contig_428	32589	0.1605	0.3854	0.3019	0.1522	0.0000	0.0000	0.0000	0.6873
contig_429	39254	0.1577	0.3781	0.3086	0.1557	0.0000	0.0000	0.0000	0.6866
contig_43	820067	0.1711	0.3218	0.3330	0.1741	0.0000	0.0000	0.0000	0.6548
contig_430	680	0.3324	0.4941	0.0132	0.1603	0.0000	0.0000	0.0000	0.5074
contig_434	1225	0.1127	0.6457	0.1722	0.0694	0.0000	0.0000	0.0000	0.8180
contig_435	54855	0.1794	0.3183	0.3317	0.1706	0.0000	0.0000	0.0000	0.6500
contig_439	6219	0.2584	0.3206	0.2425	0.1785	0.0000	0.0000	0.0000	0.5631
contig_44	3384456	0.1718	0.3275	0.3291	0.1716	0.0000	0.0000	0.0000	0.6565
contig_442	924	0.2002	0.3160	0.3117	0.1721	0.0000	0.0000	0.0000	0.6277
contig_443	2185	0.1684	0.3034	0.3423	0.1858	0.0000	0.0000	0.0000	0.6458
contig_444	793	0.1702	0.3480	0.3165	0.1652	0.0000	0.0000	0.0000	0.6646
contig_445	524	0.1718	0.3397	0.3588	0.1298	0.0000	0.0000	0.0000	0.6985
contig_446	529	0.1834	0.3535	0.3308	0.1323	0.0000	0.0000	0.0000	0.6843
contig_45	3433961	0.1672	0.3311	0.3356	0.1661	0.0000	0.0000	0.0000	0.6667
contig_450	738	0.0989	0.3875	0.3672	0.1463	0.0000	0.0000	0.0000	0.7547
contig_452	571	0.0911	0.3573	0.3870	0.1646	0.0000	0.0000	0.0000	0.7443
contig_456	944	0.1144	0.3676	0.3718	0.1462	0.0000	0.0000	0.0000	0.7394
contig_457	1465	0.1782	0.3167	0.3078	0.1973	0.0000	0.0000	0.0000	0.6246
contig_458	500	0.1080	0.3460	0.4360	0.1100	0.0000	0.0000	0.0000	0.7820
contig_46	1296501	0.1711	0.3269	0.3290	0.1731	0.0000	0.0000	0.0000	0.6558
contig_462	791	0.0784	0.3944	0.3919	0.1353	0.0000	0.0000	0.0000	0.7863
contig_463	802	0.1185	0.3741	0.3741	0.1334	0.0000	0.0000	0.0000	0.7481
contig_47	5271226	0.1707	0.3274	0.3313	0.1705	0.0000	0.0000	0.0000	0.6588
contig_471	618	0.1197	0.3447	0.3883	0.1472	0.0000	0.0000	0.0000	0.7330
contig_472	799	0.0951	0.3880	0.3842	0.1327	0.0000	0.0000	0.0000	0.7722
contig_473	1316	0.1375	0.3951	0.3571	0.1102	0.0000	0.0000	0.0000	0.7523
contig_474	683	0.0878	0.3543	0.3982	0.1596	0.0000	0.0000	0.0000	0.7526
contig_476	2557	0.2014	0.2225	0.4286	0.1474	0.0000	0.0000	0.0000	0.6512
contig_477	8312	0.1711	0.3041	0.3443	0.1805	0.0000	0.0000	0.0000	0.6485
contig_478	4371	0.1418	0.3372	0.3473	0.1736	0.0000	0.0000	0.0000	0.6845
contig_479	2428	0.1717	0.3130	0.3451	0.1701	0.0000	0.0000	0.0000	0.6582
contig_48	1271447	0.1734	0.3248	0.3281	0.1737	0.0000	0.0000	0.0000	0.6529
contig_480	5248	0.1919	0.3417	0.3188	0.1477	0.0000	0.0000	0.0000	0.6604
contig_481	14882	0.1757	0.3214	0.3352	0.1677	0.0000	0.0000	0.0000	0.6566
contig_483	9725	0.1647	0.3238	0.3638	0.1477	0.0000	0.0000	0.0000	0.6876
contig_484	12255	0.1626	0.3256	0.3042	0.2076	0.0000	0.0000	0.0000	0.6298
contig_485	18401	0.0699	0.6124	0.2357	0.0820	0.0000	0.0000	0.0000	0.8481
contig_486	25231	0.0725	0.6032	0.2360	0.0883	0.0000	0.0000	0.0000	0.8392
contig_487	7176	0.1717	0.3356	0.3204	0.1724	0.0000	0.0000	0.0000	0.6559
contig_488	4391	0.1740	0.3343	0.3070	0.1847	0.0000	0.0000	0.0000	0.6413
contig_489	5226	0.1515	0.3718	0.3148	0.1619	0.0000	0.0000	0.0000	0.6866
contig_49	1479108	0.1743	0.3249	0.3247	0.1761	0.0000	0.0000	0.0000	0.6496
contig_490	4449	0.1850	0.2947	0.3250	0.1953	0.0000	0.0000	0.0000	0.6197
contig_491	5951	0.2027	0.3062	0.2884	0.2028	0.0000	0.0000	0.0000	0.5945
contig_492	2242	0.1976	0.2962	0.2400	0.2663	0.0000	0.0000	0.0000	0.5361
contig_493	826	0.1937	0.2954	0.2506	0.2603	0.0000	0.0000	0.0000	0.5460
contig_494	7123	0.1577	0.2674	0.4386	0.1363	0.0000	0.0000	0.0000	0.7060
contig_495	12039	0.1725	0.3209	0.3293	0.1773	0.0000	0.0000	0.0000	0.6501
contig_496	2839	0.2142	0.2659	0.3276	0.1923	0.0000	0.0000	0.0000	0.5935
contig_497	1612	0.2339	0.2748	0.3139	0.1774	0.0000	0.0000	0.0000	0.5887
contig_498	476	0.1492	0.4706	0.2941	0.0861	0.0000	0.0000	0.0000	0.7647
contig_499	10532	0.1631	0.3761	0.3091	0.1517	0.0000	0.0000	0.0000	0.6852
contig_50	2564135	0.1703	0.3300	0.3304	0.1693	0.0000	0.0000	0.0000	0.6604
contig_500	2238	0.1287	0.3651	0.4021	0.1041	0.0000	0.0000	0.0000	0.7672
contig_501	2056	0.1051	0.4222	0.3711	0.1017	0.0000	0.0000	0.0000	0.7933
contig_502	2786	0.0316	0.6113	0.2157	0.1414	0.0000	0.0000	0.0000	0.8270
contig_503	895	0.0324	0.6034	0.2201	0.1441	0.0000	0.0000	0.0000	0.8235
contig_504	2433	0.1644	0.3128	0.3481	0.1747	0.0000	0.0000	0.0000	0.6609
contig_505	4093	0.1859	0.3176	0.3208	0.1757	0.0000	0.0000	0.0000	0.6384
contig_506	3525	0.1637	0.2766	0.4062	0.1535	0.0000	0.0000	0.0000	0.6828
contig_507	2687	0.1526	0.4258	0.2590	0.1626	0.0000	0.0000	0.0000	0.6848
contig_508	3690705	0.2059	0.2941	0.2940	0.2060	0.0000	0.0000	0.0000	0.5881
contig_509	3892674	0.2953	0.2041	0.2063	0.2944	0.0000	0.0000	0.0000	0.4103
contig_51	2616877	0.1674	0.3356	0.3277	0.1693	0.0000	0.0000	0.0000	0.6633
contig_510	3427	0.2069	0.3356	0.2830	0.1745	0.0000	0.0000	0.0000	0.6186
contig_512	13698	0.1660	0.3615	0.3369	0.1356	0.0000	0.0000	0.0000	0.6984
contig_514	6758	0.2039	0.3038	0.2897	0.2026	0.0000	0.0000	0.0000	0.5935
contig_517	1163	0.0679	0.5924	0.2588	0.0808	0.0000	0.0000	0.0000	0.8512
contig_519	33945	0.1711	0.3226	0.3448	0.1615	0.0000	0.0000	0.0000	0.6674
contig_52	5217313	0.1689	0.3271	0.3361	0.1680	0.0000	0.0000	0.0000	0.6632
contig_520	4117	0.1618	0.3619	0.2852	0.1912	0.0000	0.0000	0.0000	0.6471
contig_521	8076	0.1712	0.3233	0.2917	0.2137	0.0000	0.0000	0.0000	0.6150
contig_522	3158	0.1263	0.3604	0.3230	0.1903	0.0000	0.0000	0.0000	0.6833
contig_523	3500	0.1320	0.3603	0.3200	0.1877	0.0000	0.0000	0.0000	0.6803
contig_524	1432	0.1152	0.3680	0.3582	0.1585	0.0000	0.0000	0.0000	0.7263
contig_525	1830	0.1339	0.3541	0.3306	0.1814	0.0000	0.0000	0.0000	0.6847
contig_526	7649	0.1850	0.3238	0.3323	0.1588	0.0000	0.0000	0.0000	0.6562
contig_527	2523	0.2204	0.3024	0.3107	0.1665	0.0000	0.0000	0.0000	0.6132
contig_529	2013	0.1470	0.4252	0.2171	0.2106	0.0000	0.0000	0.0000	0.6423
contig_53	2100153	0.1673	0.3240	0.3432	0.1655	0.0000	0.0000	0.0000	0.6672
contig_530	565	0.1310	0.4531	0.2000	0.2159	0.0000	0.0000	0.0000	0.6531
contig_533	20386	0.1591	0.3276	0.3348	0.1785	0.0000	0.0000	0.0000	0.6624
contig_534	14853	0.0632	0.6200	0.2138	0.1031	0.0000	0.0000	0.0000	0.8338
contig_535	17039	0.1526	0.3628	0.3419	0.1427	0.0000	0.0000	0.0000	0.7047
contig_536	546	0.1612	0.3736	0.2729	0.1923	0.0000	0.0000	0.0000	0.6465
contig_537	2629	0.1457	0.3591	0.3849	0.1103	0.0000	0.0000	0.0000	0.7440
contig_538	1053	0.1529	0.3257	0.3761	0.1453	0.0000	0.0000	0.0000	0.7018
contig_539	5516	0.1873	0.3466	0.3356	0.1305	0.0000	0.0000	0.0000	0.6822
contig_54	359959	0.1736	0.3248	0.3339	0.1677	0.0000	0.0000	0.0000	0.6588
contig_540	5886	0.1865	0.3476	0.3378	0.1281	0.0000	0.0000	0.0000	0.6854
contig_543	2696	0.1617	0.3375	0.3631	0.1376	0.0000	0.0000	0.0000	0.7007
contig_545	11189	0.1783	0.3264	0.3276	0.1678	0.0000	0.0000	0.0000	0.6539
contig_546	12393	0.1636	0.3337	0.3284	0.1743	0.0000	0.0000	0.0000	0.6621
contig_547	4218	0.1662	0.3385	0.3390	0.1562	0.0000	0.0000	0.0000	0.6776
contig_548	4023	0.1631	0.3415	0.3361	0.1593	0.0000	0.0000	0.0000	0.6776
contig_549	3101	0.1541	0.2625	0.3941	0.1893	0.0000	0.0000	0.0000	0.6566
contig_55	1741768	0.1728	0.3273	0.3259	0.1739	0.0000	0.0000	0.0000	0.6532
contig_551	5841	0.1784	0.3362	0.3261	0.1592	0.0000	0.0000	0.0000	0.6624
contig_552	2766	0.1540	0.3489	0.3326	0.1645	0.0000	0.0000	0.0000	0.6815
contig_553	3882	0.1401	0.4474	0.2620	0.1504	0.0000	0.0000	0.0000	0.7094
contig_554	5118	0.1346	0.4621	0.2610	0.1422	0.0000	0.0000	0.0000	0.7231
contig_555	1578	0.1033	0.5469	0.2389	0.1109	0.0000	0.0000	0.0000	0.7858
contig_556	1140	0.1158	0.4991	0.2614	0.1237	0.0000	0.0000	0.0000	0.7605
contig_557	5505	0.1880	0.3045	0.2830	0.2245	0.0000	0.0000	0.0000	0.5875
contig_558	4226	0.2082	0.2927	0.2906	0.2085	0.0000	0.0000	0.0000	0.5833
contig_559	1765	0.1507	0.3371	0.3501	0.1620	0.0000	0.0000	0.0000	0.6873
contig_56	913864	0.1669	0.3167	0.3531	0.1632	0.0000	0.0000	0.0000	0.6698
contig_560	3382	0.1724	0.3253	0.3394	0.1629	0.0000	0.0000	0.0000	0.6647
contig_561	13865	0.1572	0.3393	0.3244	0.1791	0.0000	0.0000	0.0000	0.6637
contig_562	9327	0.1498	0.3396	0.3122	0.1985	0.0000	0.0000	0.0000	0.6518
contig_563	5486	0.1737	0.3343	0.3261	0.1659	0.0000	0.0000	0.0000	0.6604
contig_564	5210	0.1814	0.3345	0.3065	0.1775	0.0000	0.0000	0.0000	0.6411
contig_567	4145	0.1380	0.3865	0.2922	0.1834	0.0000	0.0000	0.0000	0.6786
contig_568	3310	0.1384	0.3810	0.2994	0.1813	0.0000	0.0000	0.0000	0.6804
contig_569	12320	0.1465	0.3583	0.3250	0.1702	0.0000	0.0000	0.0000	0.6833
contig_57	3436699	0.1691	0.3312	0.3302	0.1695	0.0000	0.0000	0.0000	0.6614
contig_570	11555	0.1444	0.3613	0.3271	0.1671	0.0000	0.0000	0.0000	0.6884
contig_573	4100	0.1924	0.3205	0.3373	0.1498	0.0000	0.0000	0.0000	0.6578
contig_574	6320	0.1834	0.3570	0.2983	0.1614	0.0000	0.0000	0.0000	0.6552
contig_575	1394	0.2281	0.3199	0.2798	0.1722	0.0000	0.0000	0.0000	0.5997
contig_576	3141	0.1812	0.3072	0.3305	0.1812	0.0000	0.0000	0.0000	0.6377
contig_577	35077	0.1526	0.3597	0.3149	0.1729	0.0000	0.0000	0.0000	0.6745
contig_578	21764	0.1574	0.3532	0.3297	0.1598	0.0000	0.0000	0.0000	0.6828
contig_579	3446	0.1332	0.4103	0.2728	0.1837	0.0000	0.0000	0.0000	0.6831
contig_58	2515571	0.1695	0.3281	0.3327	0.1696	0.0000	0.0000	0.0000	0.6609
contig_580	2187	0.1971	0.3210	0.3064	0.1756	0.0000	0.0000	0.0000	0.6273
contig_581	3101	0.1980	0.3251	0.3076	0.1693	0.0000	0.0000	0.0000	0.6327
contig_582	970	0.2505	0.2371	0.3052	0.2072	0.0000	0.0000	0.0000	0.5423
contig_583	1147	0.2232	0.2450	0.3051	0.2267	0.0000	0.0000	0.0000	0.5501
contig_584	1394	0.1930	0.2963	0.3307	0.1801	0.0000	0.0000	0.0000	0.6270
contig_585	1383	0.1829	0.3304	0.2921	0.1945	0.0000	0.0000	0.0000	0.6226
contig_586	5522	0.1586	0.3281	0.3374	0.1758	0.0000	0.0000	0.0000	0.6655
contig_587	4462	0.1961	0.3357	0.2902	0.1779	0.0000	0.0000	0.0000	0.6260
contig_588	1301	0.1645	0.3482	0.3213	0.1660	0.0000	0.0000	0.0000	0.6695
contig_59	2713579	0.1654	0.3281	0.3446	0.1619	0.0000	0.0000	0.0000	0.6727
contig_590	2796	0.1924	0.3194	0.2786	0.2096	0.0000	0.0000	0.0000	0.5980
contig_591	2402	0.2186	0.2885	0.2989	0.1940	0.0000	0.0000	0.0000	0.5874
contig_592	1692	0.2476	0.2890	0.2760	0.1874	0.0000	0.0000	0.0000	0.5650
contig_593	4232	0.2247	0.2802	0.3041	0.1909	0.0000	0.0000	0.0000	0.5844
contig_594	4267	0.1706	0.3850	0.2836	0.1608	0.0000	0.0000	0.0000	0.6686
contig_595	607	0.2092	0.3526	0.2801	0.1582	0.0000	0.0000	0.0000	0.6326
contig_596	32758	0.1739	0.3100	0.3518	0.1643	0.0000	0.0000	0.0000	0.6618
contig_597	8227	0.1866	0.2928	0.3667	0.1539	0.0000	0.0000	0.0000	0.6595
contig_598	12836	0.1843	0.3059	0.3429	0.1669	0.0000	0.0000	0.0000	0.6488
contig_599	10421	0.1676	0.3031	0.3563	0.1729	0.0000	0.0000	0.0000	0.6594
contig_60	7837603	0.1696	0.3291	0.3330	0.1683	0.0000	0.0000	0.0000	0.6621
contig_600	6426	0.1752	0.2944	0.3794	0.1509	0.0000	0.0000	0.0000	0.6738
contig_601	2433	0.1730	0.3461	0.3111	0.1697	0.0000	0.0000	0.0000	0.6572
contig_602	7951	0.1863	0.3444	0.2846	0.1848	0.0000	0.0000	0.0000	0.6290
contig_603	918036	0.2965	0.2132	0.1993	0.2910	0.0000	0.0000	0.0000	0.4125
contig_609	3048	0.1368	0.4790	0.2411	0.1430	0.0000	0.0000	0.0000	0.7201
contig_61	513055	0.1731	0.3304	0.3260	0.1705	0.0000	0.0000	0.0000	0.6564
contig_611	1762	0.2469	0.2889	0.2906	0.1737	0.0000	0.0000	0.0000	0.5795
contig_612	8059	0.1784	0.3249	0.3065	0.1902	0.0000	0.0000	0.0000	0.6313
contig_614	2371	0.1847	0.2940	0.3163	0.2050	0.0000	0.0000	0.0000	0.6103
contig_616	4477	0.1883	0.3263	0.2875	0.1979	0.0000	0.0000	0.0000	0.6138
contig_617	3539383	0.3218	0.1788	0.1776	0.3217	0.0000	0.0000	0.0000	0.3565
contig_618	15907	0.1737	0.3274	0.3233	0.1756	0.0000	0.0000	0.0000	0.6507
contig_619	17414	0.1824	0.3178	0.3157	0.1840	0.0000	0.0000	0.0000	0.6335
contig_62	1505390	0.1711	0.3273	0.3333	0.1683	0.0000	0.0000	0.0000	0.6606
contig_620	1609	0.1989	0.3250	0.2989	0.1771	0.0000	0.0000	0.0000	0.6240
contig_621	7311	0.1699	0.3385	0.3329	0.1587	0.0000	0.0000	0.0000	0.6715
contig_622	2446	0.1979	0.3667	0.2944	0.1410	0.0000	0.0000	0.0000	0.6611
contig_623	3587	0.1985	0.3499	0.2863	0.1653	0.0000	0.0000	0.0000	0.6362
contig_624	6141	0.1922	0.3138	0.3104	0.1837	0.0000	0.0000	0.0000	0.6242
contig_625	4401	0.2143	0.3049	0.2768	0.2040	0.0000	0.0000	0.0000	0.5817
contig_626	14912	0.1633	0.3332	0.3183	0.1853	0.0000	0.0000	0.0000	0.6514
contig_629	1359	0.1744	0.3458	0.3436	0.1361	0.0000	0.0000	0.0000	0.6895
contig_63	1263163	0.1680	0.3323	0.3300	0.1696	0.0000	0.0000	0.0000	0.6623
contig_630	6964	0.1646	0.3228	0.3436	0.1690	0.0000	0.0000	0.0000	0.6664
contig_64	2404397	0.1712	0.3318	0.3258	0.1712	0.0000	0.0000	0.0000	0.6576
contig_640	910	0.1176	0.3363	0.3593	0.1868	0.0000	0.0000	0.0000	0.6956
contig_642	1306	0.1761	0.3323	0.3323	0.1593	0.0000	0.0000	0.0000	0.6646
contig_645	2523	0.1411	0.3270	0.3314	0.2006	0.0000	0.0000	0.0000	0.6583
contig_646	1428	0.1541	0.2997	0.3431	0.2031	0.0000	0.0000	0.0000	0.6429
contig_647	9154	0.1532	0.3322	0.3467	0.1679	0.0000	0.0000	0.0000	0.6789
contig_649	8137	0.1650	0.3416	0.3045	0.1888	0.0000	0.0000	0.0000	0.6462
contig_651	4060	0.1899	0.3502	0.2926	0.1672	0.0000	0.0000	0.0000	0.6429
contig_655	434885	0.2902	0.1971	0.2149	0.2978	0.0000	0.0000	0.0000	0.4120
contig_658	2890	0.1737	0.3232	0.3149	0.1882	0.0000	0.0000	0.0000	0.6381
contig_659	2677	0.1543	0.3523	0.3470	0.1464	0.0000	0.0000	0.0000	0.6993
contig_66	1296030	0.1710	0.3313	0.3250	0.1727	0.0000	0.0000	0.0000	0.6563
contig_660	2681	0.1563	0.3525	0.3443	0.1470	0.0000	0.0000	0.0000	0.6968
contig_661	2296	0.1707	0.3672	0.2861	0.1760	0.0000	0.0000	0.0000	0.6533
contig_662	28463	0.1395	0.3383	0.3278	0.1943	0.0000	0.0000	0.0000	0.6662
contig_663	2412	0.1530	0.3632	0.2886	0.1953	0.0000	0.0000	0.0000	0.6517
contig_664	2053	0.1875	0.3122	0.2591	0.2411	0.0000	0.0000	0.0000	0.5714
contig_669	2788	0.1811	0.3225	0.3472	0.1492	0.0000	0.0000	0.0000	0.6697
contig_67	988486	0.1685	0.3343	0.3272	0.1699	0.0000	0.0000	0.0000	0.6615
contig_671	2008	0.1768	0.3322	0.3601	0.1310	0.0000	0.0000	0.0000	0.6922
contig_672	1793	0.2231	0.2839	0.3330	0.1601	0.0000	0.0000	0.0000	0.6168
contig_674	1174	0.2828	0.2334	0.3578	0.1261	0.0000	0.0000	0.0000	0.5911
contig_676	6555	0.1994	0.3242	0.2821	0.1944	0.0000	0.0000	0.0000	0.6063
contig_677	1098	0.1494	0.3142	0.3852	0.1512	0.0000	0.0000	0.0000	0.6995
contig_678	1307	0.1423	0.3198	0.3810	0.1568	0.0000	0.0000	0.0000	0.7008
contig_679	7593	0.1787	0.2999	0.3537	0.1677	0.0000	0.0000	0.0000	0.6536
contig_68	1210237	0.1669	0.3379	0.3272	0.1681	0.0000	0.0000	0.0000	0.6651
contig_680	8016	0.1778	0.3014	0.3458	0.1750	0.0000	0.0000	0.0000	0.6472
contig_681	5047	0.1882	0.3325	0.3162	0.1631	0.0000	0.0000	0.0000	0.6487
contig_682	4315	0.1963	0.3198	0.3133	0.1706	0.0000	0.0000	0.0000	0.6331
contig_683	3538	0.1323	0.4036	0.3657	0.0984	0.0000	0.0000	0.0000	0.7694
contig_684	512	0.0801	0.3633	0.4277	0.1289	0.0000	0.0000	0.0000	0.7910
contig_685	716	0.1061	0.3547	0.4148	0.1243	0.0000	0.0000	0.0000	0.7696
contig_686	2037	0.1232	0.3540	0.3697	0.1532	0.0000	0.0000	0.0000	0.7236
contig_687	769	0.1105	0.3602	0.4044	0.1248	0.0000	0.0000	0.0000	0.7646
contig_689	8714	0.1838	0.3683	0.2653	0.1826	0.0000	0.0000	0.0000	0.6336
contig_69	4288544	0.1668	0.3286	0.3380	0.1666	0.0000	0.0000	0.0000	0.6666
contig_691	2409	0.1743	0.2628	0.4184	0.1445	0.0000	0.0000	0.0000	0.6812
contig_693	4188	0.1497	0.3479	0.3617	0.1406	0.0000	0.0000	0.0000	0.7096
contig_694	2728	0.1763	0.3449	0.3083	0.1705	0.0000	0.0000	0.0000	0.6532
contig_695	7635	0.1793	0.3180	0.3215	0.1811	0.0000	0.0000	0.0000	0.6396
contig_696	1426	0.1886	0.4137	0.2342	0.1634	0.0000	0.0000	0.0000	0.6480
contig_697	3810	0.1417	0.3638	0.3144	0.1801	0.0000	0.0000	0.0000	0.6782
contig_698	7460	0.2020	0.2980	0.3418	0.1582	0.0000	0.0000	0.0000	0.6398
contig_699	30322	0.1953	0.3165	0.2917	0.1964	0.0000	0.0000	0.0000	0.6083
contig_70	279049	0.1707	0.3241	0.3324	0.1728	0.0000	0.0000	0.0000	0.6565
contig_701	189342	0.1922	0.3083	0.3072	0.1923	0.0000	0.0000	0.0000	0.6155
contig_702	4874	0.1389	0.3621	0.3153	0.1836	0.0000	0.0000	0.0000	0.6775
contig_707	4784	0.1635	0.3524	0.3501	0.1340	0.0000	0.0000	0.0000	0.7026
contig_708	9560	0.1085	0.3331	0.3941	0.1643	0.0000	0.0000	0.0000	0.7272
contig_709	7585	0.1503	0.3536	0.3582	0.1379	0.0000	0.0000	0.0000	0.7118
contig_710	2196	0.1776	0.3538	0.2883	0.1803	0.0000	0.0000	0.0000	0.6421
contig_711	405436	0.2985	0.2074	0.2108	0.2833	0.0000	0.0000	0.0000	0.4182
contig_712	2088	0.2361	0.2534	0.2433	0.2672	0.0000	0.0000	0.0000	0.4966
contig_713	2148	0.2966	0.2174	0.1918	0.2942	0.0000	0.0000	0.0000	0.4092
contig_714	1440	0.2590	0.2361	0.2646	0.2403	0.0000	0.0000	0.0000	0.5007
contig_715	9639	0.1886	0.3188	0.3290	0.1636	0.0000	0.0000	0.0000	0.6478
contig_716	2401	0.2616	0.2116	0.3278	0.1991	0.0000	0.0000	0.0000	0.5394
contig_717	587	0.2078	0.3220	0.2061	0.2641	0.0000	0.0000	0.0000	0.5281
contig_718	1833	0.2810	0.2237	0.3071	0.1882	0.0000	0.0000	0.0000	0.5308
contig_719	1212	0.1889	0.3069	0.2236	0.2805	0.0000	0.0000	0.0000	0.5305
contig_72	3818955	0.1699	0.3276	0.3333	0.1692	0.0000	0.0000	0.0000	0.6609
contig_720	6689	0.3113	0.1764	0.2314	0.2809	0.0000	0.0000	0.0000	0.4078
contig_721	2261	0.1570	0.2795	0.3755	0.1880	0.0000	0.0000	0.0000	0.6550
contig_722	7153	0.1679	0.3194	0.3102	0.2024	0.0000	0.0000	0.0000	0.6297
contig_723	12220	0.1771	0.3234	0.3220	0.1775	0.0000	0.0000	0.0000	0.6454
contig_724	1600	0.1706	0.3150	0.3313	0.1831	0.0000	0.0000	0.0000	0.6463
contig_725	1640	0.1671	0.3116	0.3262	0.1951	0.0000	0.0000	0.0000	0.6378
contig_727	5668	0.1387	0.2015	0.6062	0.0536	0.0000	0.0000	0.0000	0.8077
contig_73	741564	0.1685	0.3308	0.3345	0.1662	0.0000	0.0000	0.0000	0.6653
contig_730	1386	0.0700	0.5022	0.2749	0.1530	0.0000	0.0000	0.0000	0.7771
contig_731	2554	0.1167	0.4687	0.2478	0.1668	0.0000	0.0000	0.0000	0.7165
contig_732	5249	0.1265	0.5012	0.2231	0.1492	0.0000	0.0000	0.0000	0.7243
contig_733	8664	0.1434	0.3518	0.3452	0.1596	0.0000	0.0000	0.0000	0.6970
contig_734	13134	0.1831	0.3114	0.3082	0.1973	0.0000	0.0000	0.0000	0.6196
contig_735	13694	0.1888	0.3190	0.2989	0.1933	0.0000	0.0000	0.0000	0.6179
contig_736	4865	0.1770	0.3322	0.3262	0.1646	0.0000	0.0000	0.0000	0.6584
contig_737	8708	0.1682	0.3261	0.3455	0.1601	0.0000	0.0000	0.0000	0.6717
contig_738	3642	0.1650	0.3402	0.3309	0.1639	0.0000	0.0000	0.0000	0.6711
contig_74	1625613	0.1693	0.3340	0.3277	0.1689	0.0000	0.0000	0.0000	0.6617
contig_743	9639	0.1856	0.3049	0.3564	0.1531	0.0000	0.0000	0.0000	0.6613
contig_744	3973	0.1704	0.3476	0.3368	0.1452	0.0000	0.0000	0.0000	0.6844
contig_745	5183	0.1694	0.2649	0.3926	0.1731	0.0000	0.0000	0.0000	0.6575
contig_746	1624	0.2032	0.2802	0.3110	0.2057	0.0000	0.0000	0.0000	0.5911
contig_747	2176	0.0924	0.2146	0.6452	0.0478	0.0000	0.0000	0.0000	0.8598
contig_748	2688	0.0885	0.2117	0.6473	0.0525	0.0000	0.0000	0.0000	0.8590
contig_749	15121	0.1223	0.3705	0.3686	0.1386	0.0000	0.0000	0.0000	0.7391
contig_75	1593338	0.1712	0.3303	0.3266	0.1720	0.0000	0.0000	0.0000	0.6568
contig_750	1700	0.0647	0.5976	0.2047	0.1329	0.0000	0.0000	0.0000	0.8024
contig_751	3035	0.1044	0.3486	0.3997	0.1473	0.0000	0.0000	0.0000	0.7483
contig_752	10264	0.1863	0.3032	0.3133	0.1972	0.0000	0.0000	0.0000	0.6165
contig_753	3410	0.1408	0.4727	0.2531	0.1334	0.0000	0.0000	0.0000	0.7258
contig_755	164	0.1951	0.3963	0.4085	0.0000	0.0000	0.0000	0.0000	0.8049
contig_759	2048	0.0923	0.6641	0.1606	0.0830	0.0000	0.0000	0.0000	0.8247
contig_76	1017591	0.1718	0.3246	0.3335	0.1702	0.0000	0.0000	0.0000	0.6581
contig_761	2993	0.1858	0.3040	0.2980	0.2122	0.0000	0.0000	0.0000	0.6021
contig_762	1493	0.1587	0.3369	0.3195	0.1849	0.0000	0.0000	0.0000	0.6564
contig_763	950	0.1968	0.2800	0.3284	0.1947	0.0000	0.0000	0.0000	0.6084
contig_764	2288	0.1740	0.3475	0.3055	0.1731	0.0000	0.0000	0.0000	0.6530
contig_765	9585	0.1886	0.3025	0.3214	0.1875	0.0000	0.0000	0.0000	0.6239
contig_766	4841	0.1748	0.2894	0.3431	0.1927	0.0000	0.0000	0.0000	0.6325
contig_767	2620	0.1927	0.3103	0.3126	0.1844	0.0000	0.0000	0.0000	0.6229
contig_768	4018	0.1882	0.3240	0.3270	0.1608	0.0000	0.0000	0.0000	0.6511
contig_769	1251	0.1719	0.3333	0.3453	0.1495	0.0000	0.0000	0.0000	0.6787
contig_77	3362156	0.1706	0.3299	0.3299	0.1696	0.0000	0.0000	0.0000	0.6598
contig_770	2328	0.1954	0.3419	0.2930	0.1697	0.0000	0.0000	0.0000	0.6349
contig_771	1740	0.1914	0.3345	0.3023	0.1718	0.0000	0.0000	0.0000	0.6368
contig_772	5955	0.1921	0.3050	0.3162	0.1867	0.0000	0.0000	0.0000	0.6212
contig_773	2105	0.2356	0.2580	0.3036	0.2029	0.0000	0.0000	0.0000	0.5615
contig_774	1757	0.1594	0.3347	0.3392	0.1668	0.0000	0.0000	0.0000	0.6739
contig_775	4351	0.1521	0.3358	0.3427	0.1694	0.0000	0.0000	0.0000	0.6785
contig_776	12608	0.1639	0.3094	0.3511	0.1755	0.0000	0.0000	0.0000	0.6605
contig_778	7785	0.1548	0.3232	0.3471	0.1750	0.0000	0.0000	0.0000	0.6703
contig_779	5505	0.1915	0.2885	0.3173	0.2027	0.0000	0.0000	0.0000	0.6058
contig_78	4342300	0.2141	0.2873	0.2858	0.2128	0.0000	0.0000	0.0000	0.5731
contig_780	1367	0.2114	0.2919	0.2933	0.2034	0.0000	0.0000	0.0000	0.5852
contig_782	3330	0.1532	0.4009	0.3000	0.1459	0.0000	0.0000	0.0000	0.7009
contig_783	3845	0.1527	0.4042	0.2944	0.1488	0.0000	0.0000	0.0000	0.6986
contig_784	2620	0.1214	0.4408	0.2969	0.1408	0.0000	0.0000	0.0000	0.7378
contig_785	4665	0.1863	0.3293	0.3031	0.1814	0.0000	0.0000	0.0000	0.6324
contig_787	2047	0.2091	0.2956	0.3293	0.1661	0.0000	0.0000	0.0000	0.6248
contig_789	5379	0.1422	0.3512	0.3648	0.1418	0.0000	0.0000	0.0000	0.7159
contig_79	4244761	0.2137	0.2856	0.2869	0.2137	0.0000	0.0000	0.0000	0.5725
contig_790	3771	0.1708	0.3373	0.3376	0.1543	0.0000	0.0000	0.0000	0.6749
contig_792	8135	0.2030	0.3109	0.2862	0.2000	0.0000	0.0000	0.0000	0.5970
contig_794	6906	0.1835	0.3026	0.3487	0.1652	0.0000	0.0000	0.0000	0.6513
contig_796	1076	0.1441	0.3429	0.3234	0.1896	0.0000	0.0000	0.0000	0.6664
contig_797	1255	0.1466	0.3371	0.3299	0.1865	0.0000	0.0000	0.0000	0.6669
contig_798	2293	0.1444	0.3397	0.3284	0.1875	0.0000	0.0000	0.0000	0.6681
contig_799	4978	0.2029	0.2885	0.3027	0.2059	0.0000	0.0000	0.0000	0.5912
contig_801	10365	0.1858	0.2963	0.3425	0.1754	0.0000	0.0000	0.0000	0.6388
contig_803	3096	0.0291	0.6302	0.2626	0.0782	0.0000	0.0000	0.0000	0.8928
contig_804	2935	0.0290	0.6293	0.2647	0.0770	0.0000	0.0000	0.0000	0.8940
contig_805	7904	0.0784	0.2639	0.6264	0.0313	0.0000	0.0000	0.0000	0.8903
contig_807	9698	0.1755	0.2957	0.3238	0.2050	0.0000	0.0000	0.0000	0.6195
contig_809	1142	0.1804	0.3100	0.3249	0.1848	0.0000	0.0000	0.0000	0.6349
contig_811	1128	0.1897	0.3245	0.3041	0.1817	0.0000	0.0000	0.0000	0.6285
contig_812	3132	0.1772	0.2950	0.3614	0.1663	0.0000	0.0000	0.0000	0.6564
contig_815	5623	0.1565	0.2915	0.3260	0.2260	0.0000	0.0000	0.0000	0.6175
contig_816	4118	0.1404	0.2984	0.3179	0.2433	0.0000	0.0000	0.0000	0.6163
contig_817	2395	0.1035	0.1616	0.6534	0.0814	0.0000	0.0000	0.0000	0.8150
contig_818	2103	0.2054	0.3428	0.2839	0.1679	0.0000	0.0000	0.0000	0.6267
contig_82	1282	0.2356	0.2543	0.2441	0.2660	0.0000	0.0000	0.0000	0.4984
contig_820	5581	0.1700	0.3078	0.3695	0.1527	0.0000	0.0000	0.0000	0.6773
contig_821	2849	0.1853	0.3499	0.3047	0.1601	0.0000	0.0000	0.0000	0.6546
contig_822	32365	0.1733	0.3247	0.3234	0.1787	0.0000	0.0000	0.0000	0.6480
contig_823	16815	0.1720	0.3079	0.3612	0.1589	0.0000	0.0000	0.0000	0.6691
contig_827	8293	0.1552	0.3788	0.2958	0.1703	0.0000	0.0000	0.0000	0.6745
contig_829	4226	0.0816	0.2037	0.6396	0.0750	0.0000	0.0000	0.0000	0.8434
contig_83	822	0.1314	0.1715	0.6180	0.0791	0.0000	0.0000	0.0000	0.7895
contig_830	2466	0.0742	0.6395	0.2060	0.0803	0.0000	0.0000	0.0000	0.8455
contig_831	2243	0.1815	0.3183	0.4320	0.0682	0.0000	0.0000	0.0000	0.7503
contig_832	10241	0.1675	0.3270	0.3305	0.1750	0.0000	0.0000	0.0000	0.6576
contig_833	14947	0.1785	0.3189	0.3330	0.1695	0.0000	0.0000	0.0000	0.6520
contig_834	2580	0.1822	0.2853	0.3453	0.1872	0.0000	0.0000	0.0000	0.6306
contig_835	1953	0.1357	0.3554	0.3600	0.1490	0.0000	0.0000	0.0000	0.7153
contig_836	3102	0.1738	0.3362	0.3256	0.1644	0.0000	0.0000	0.0000	0.6618
contig_838	6852	0.2014	0.2992	0.3063	0.1931	0.0000	0.0000	0.0000	0.6055
contig_84	922	0.1247	0.1811	0.6139	0.0803	0.0000	0.0000	0.0000	0.7950
contig_840	11193	0.1562	0.3528	0.3205	0.1706	0.0000	0.0000	0.0000	0.6733
contig_841	24115	0.1696	0.3365	0.3281	0.1659	0.0000	0.0000	0.0000	0.6646
contig_843	3848	0.1759	0.3022	0.3189	0.2030	0.0000	0.0000	0.0000	0.6211
contig_844	1565	0.2109	0.3700	0.2978	0.1214	0.0000	0.0000	0.0000	0.6677
contig_845	696	0.2471	0.2759	0.2701	0.2069	0.0000	0.0000	0.0000	0.5460
contig_849	9094	0.0839	0.2645	0.5950	0.0566	0.0000	0.0000	0.0000	0.8595
contig_852	1085	0.0922	0.4138	0.3272	0.1668	0.0000	0.0000	0.0000	0.7410
contig_853	1697	0.1621	0.3300	0.4078	0.1002	0.0000	0.0000	0.0000	0.7378
contig_854	12757	0.1481	0.3549	0.3375	0.1596	0.0000	0.0000	0.0000	0.6923
contig_855	19188	0.1604	0.3431	0.3258	0.1707	0.0000	0.0000	0.0000	0.6689
contig_856	789	0.0837	0.3967	0.3790	0.1407	0.0000	0.0000	0.0000	0.7757
contig_858	7864	0.1425	0.3931	0.2602	0.2042	0.0000	0.0000	0.0000	0.6532
contig_859	10278	0.1359	0.3996	0.2487	0.2158	0.0000	0.0000	0.0000	0.6483
contig_86	2808500	0.1682	0.3304	0.3319	0.1695	0.0000	0.0000	0.0000	0.6623
contig_860	2145	0.1049	0.3166	0.4615	0.1170	0.0000	0.0000	0.0000	0.7781
contig_862	6054	0.2066	0.2785	0.3282	0.1867	0.0000	0.0000	0.0000	0.6067
contig_863	6558	0.1786	0.3016	0.3614	0.1584	0.0000	0.0000	0.0000	0.6630
contig_864	7890	0.1977	0.2823	0.3475	0.1725	0.0000	0.0000	0.0000	0.6298
contig_865	16959	0.1899	0.3266	0.3145	0.1691	0.0000	0.0000	0.0000	0.6411
contig_867	3958	0.2127	0.3242	0.2726	0.1905	0.0000	0.0000	0.0000	0.5968
contig_868	5770	0.1849	0.3312	0.2955	0.1884	0.0000	0.0000	0.0000	0.6267
contig_869	25725	0.1787	0.3321	0.3074	0.1818	0.0000	0.0000	0.0000	0.6395
contig_87	2795859	0.1723	0.3249	0.3289	0.1739	0.0000	0.0000	0.0000	0.6538
contig_870	15745	0.1784	0.3305	0.3187	0.1724	0.0000	0.0000	0.0000	0.6492
contig_871	2390	0.1787	0.3054	0.3356	0.1803	0.0000	0.0000	0.0000	0.6410
contig_872	2608	0.1622	0.3240	0.3344	0.1794	0.0000	0.0000	0.0000	0.6584
contig_874	673	0.1932	0.3091	0.3343	0.1634	0.0000	0.0000	0.0000	0.6434
contig_875	2202	0.1944	0.2825	0.3243	0.1989	0.0000	0.0000	0.0000	0.6067
contig_876	2468	0.1917	0.2950	0.3156	0.1977	0.0000	0.0000	0.0000	0.6106
contig_877	2627	0.2082	0.2954	0.2893	0.2071	0.0000	0.0000	0.0000	0.5847
contig_878	9491	0.1777	0.3615	0.2828	0.1780	0.0000	0.0000	0.0000	0.6443
contig_879	9789	0.1781	0.3945	0.2709	0.1565	0.0000	0.0000	0.0000	0.6654
contig_88	1156537	0.1724	0.3267	0.3311	0.1699	0.0000	0.0000	0.0000	0.6578
contig_880	10319	0.1772	0.3137	0.3189	0.1901	0.0000	0.0000	0.0000	0.6326
contig_881	2608	0.1829	0.3209	0.2983	0.1979	0.0000	0.0000	0.0000	0.6192
contig_882	4862	0.1855	0.3490	0.3108	0.1547	0.0000	0.0000	0.0000	0.6598
contig_883	3041	0.1825	0.3101	0.3532	0.1542	0.0000	0.0000	0.0000	0.6633
contig_885	1483	0.1632	0.3304	0.3203	0.1861	0.0000	0.0000	0.0000	0.6507
contig_886	4374	0.1872	0.3102	0.3374	0.1651	0.0000	0.0000	0.0000	0.6477
contig_887	5368	0.1923	0.3037	0.3230	0.1811	0.0000	0.0000	0.0000	0.6267
contig_888	1512	0.1938	0.2857	0.3029	0.2176	0.0000	0.0000	0.0000	0.5886
contig_889	4495	0.1522	0.3646	0.3143	0.1689	0.0000	0.0000	0.0000	0.6790
contig_89	3471	0.2956	0.2299	0.2043	0.2702	0.0000	0.0000	0.0000	0.4342
contig_890	3638	0.1493	0.3722	0.3068	0.1718	0.0000	0.0000	0.0000	0.6789
contig_891	4834	0.1862	0.3146	0.3126	0.1866	0.0000	0.0000	0.0000	0.6272
contig_892	1132	0.1705	0.4072	0.2668	0.1555	0.0000	0.0000	0.0000	0.6740
contig_893	2669	0.1791	0.3709	0.2885	0.1615	0.0000	0.0000	0.0000	0.6594
contig_894	1993	0.2047	0.3236	0.2770	0.1947	0.0000	0.0000	0.0000	0.6006
contig_895	529	0.1701	0.3043	0.3422	0.1834	0.0000	0.0000	0.0000	0.6465
contig_897	1207	0.1897	0.2792	0.3488	0.1823	0.0000	0.0000	0.0000	0.6280
contig_898	5069	0.1714	0.3395	0.3225	0.1665	0.0000	0.0000	0.0000	0.6621
contig_899	4382	0.1515	0.3476	0.3261	0.1748	0.0000	0.0000	0.0000	0.6737
contig_9	1206280	0.1739	0.3241	0.3306	0.1714	0.0000	0.0000	0.0000	0.6547
contig_90	1778232	0.1693	0.3259	0.3361	0.1687	0.0000	0.0000	0.0000	0.6620
contig_903	3868	0.1830	0.2986	0.3759	0.1425	0.0000	0.0000	0.0000	0.6745
contig_904	936	0.0780	0.3974	0.3953	0.1293	0.0000	0.0000	0.0000	0.7927
contig_905	2652	0.1557	0.2983	0.4012	0.1448	0.0000	0.0000	0.0000	0.6995
contig_906	3228	0.1462	0.3460	0.3491	0.1586	0.0000	0.0000	0.0000	0.6952
contig_907	1947	0.1808	0.3421	0.2840	0.1931	0.0000	0.0000	0.0000	0.6261
contig_908	3093	0.1827	0.3207	0.3036	0.1930	0.0000	0.0000	0.0000	0.6243
contig_91	1820475	0.1656	0.3401	0.3293	0.1651	0.0000	0.0000	0.0000	0.6694
contig_913	9658	0.1799	0.3393	0.2898	0.1910	0.0000	0.0000	0.0000	0.6291
contig_914	5601	0.1682	0.3174	0.3087	0.2057	0.0000	0.0000	0.0000	0.6261
contig_917	5101	0.1408	0.3795	0.3056	0.1741	0.0000	0.0000	0.0000	0.6852
contig_918	4574	0.1399	0.3769	0.3037	0.1795	0.0000	0.0000	0.0000	0.6806
contig_919	1940	0.1804	0.3253	0.3031	0.1912	0.0000	0.0000	0.0000	0.6284
contig_92	1963795	0.1661	0.3397	0.3257	0.1685	0.0000	0.0000	0.0000	0.6654
contig_920	9884	0.1537	0.3444	0.3228	0.1791	0.0000	0.0000	0.0000	0.6672
contig_921	242618	0.2268	0.2702	0.2765	0.2265	0.0000	0.0000	0.0000	0.5467
contig_922	6940	0.1902	0.3271	0.2860	0.1967	0.0000	0.0000	0.0000	0.6131
contig_923	3699	0.1806	0.3082	0.3068	0.2044	0.0000	0.0000	0.0000	0.6150
contig_924	2843	0.1470	0.2895	0.3524	0.2110	0.0000	0.0000	0.0000	0.6419
contig_925	4844	0.1600	0.4032	0.3332	0.1036	0.0000	0.0000	0.0000	0.7364
contig_927	2680	0.1362	0.4041	0.2366	0.2231	0.0000	0.0000	0.0000	0.6407
contig_928	931	0.1493	0.3276	0.3555	0.1676	0.0000	0.0000	0.0000	0.6831
contig_929	1655	0.1637	0.3517	0.3716	0.1130	0.0000	0.0000	0.0000	0.7233
contig_93	527759	0.1687	0.3244	0.3348	0.1722	0.0000	0.0000	0.0000	0.6592
contig_930	7652	0.1682	0.3419	0.3044	0.1856	0.0000	0.0000	0.0000	0.6462
contig_931	7275	0.1648	0.3530	0.3049	0.1773	0.0000	0.0000	0.0000	0.6579
contig_933	6433	0.1979	0.3003	0.3039	0.1979	0.0000	0.0000	0.0000	0.6042
contig_934	1943	0.2265	0.3690	0.3443	0.0602	0.0000	0.0000	0.0000	0.7133
contig_935	6107	0.0992	0.1834	0.6522	0.0652	0.0000	0.0000	0.0000	0.8356
contig_937	220603	0.2862	0.1986	0.2118	0.3034	0.0000	0.0000	0.0000	0.4104
contig_938	3307	0.1947	0.3136	0.3617	0.1300	0.0000	0.0000	0.0000	0.6752
contig_939	2230	0.1587	0.3390	0.3565	0.1457	0.0000	0.0000	0.0000	0.6955
contig_94	1356988	0.1682	0.3338	0.3316	0.1664	0.0000	0.0000	0.0000	0.6654
contig_941	4760	0.2183	0.2763	0.3063	0.1992	0.0000	0.0000	0.0000	0.5826
contig_942	36049	0.2357	0.2427	0.3785	0.1431	0.0000	0.0000	0.0000	0.6212
contig_943	88388	0.1688	0.3247	0.3212	0.1853	0.0000	0.0000	0.0000	0.6458
contig_945	5893	0.1531	0.2540	0.4117	0.1812	0.0000	0.0000	0.0000	0.6657
contig_946	67228	0.1681	0.3260	0.3339	0.1720	0.0000	0.0000	0.0000	0.6599
contig_948	2939	0.1722	0.3219	0.3219	0.1841	0.0000	0.0000	0.0000	0.6438
contig_95	517	0.1373	0.3191	0.4081	0.1354	0.0000	0.0000	0.0000	0.7273
contig_951	1850	0.1481	0.3838	0.3724	0.0957	0.0000	0.0000	0.0000	0.7562
contig_953	18623	0.0820	0.2630	0.6264	0.0286	0.0000	0.0000	0.0000	0.8893
contig_954	11127	0.0942	0.3656	0.3181	0.2221	0.0000	0.0000	0.0000	0.6837
contig_955	6275	0.1568	0.3288	0.3508	0.1637	0.0000	0.0000	0.0000	0.6795
contig_957	462952	0.1713	0.3364	0.3263	0.1659	0.0000	0.0000	0.0000	0.6627
contig_959	81477	0.1815	0.3154	0.3231	0.1800	0.0000	0.0000	0.0000	0.6385
contig_96	919	0.1360	0.3384	0.4222	0.1034	0.0000	0.0000	0.0000	0.7606
contig_960	1538	0.1255	0.4415	0.2874	0.1456	0.0000	0.0000	0.0000	0.7289
contig_963	28259	0.3855	0.1493	0.1350	0.3302	0.0000	0.0000	0.0000	0.2843
contig_97	736	0.1916	0.3628	0.3057	0.1399	0.0000	0.0000	0.0000	0.6685
contig_98	799	0.1852	0.3717	0.3054	0.1377	0.0000	0.0000	0.0000	0.6771
